#
#"Z / mm"	"e_Z (Z)"
#------------------
-120.00000000000	821.68310546875
-119.90000000000	832.05657958984
-119.80000000000	842.57373046875
-119.70000000000	853.23937988281
-119.60000000000	864.05175781250
-119.50000000000	875.01196289063
-119.40000000000	886.11981201172
-119.30000000000	897.37548828125
-119.20000000000	908.77954101563
-119.10000000000	920.33044433594
-119.00000000000	932.02911376953
-118.90000000000	943.87542724609
-118.80000000000	955.86944580078
-118.70000000000	968.01208496094
-118.60000000000	980.32025146484
-118.50000000000	992.78814697266
-118.40000000000	1005.4054565430
-118.30000000000	1018.1721191406
-118.20000000000	1031.0891113281
-118.10000000000	1044.1544189453
-118.00000000000	1057.3680419922
-117.90000000000	1070.7448730469
-117.80000000000	1084.3111572266
-117.70000000000	1098.0675048828
-117.60000000000	1112.0118408203
-117.50000000000	1126.1453857422
-117.40000000000	1140.4681396484
-117.30000000000	1154.9696044922
-117.20000000000	1169.6484375000
-117.10000000000	1184.5181884766
-117.00000000000	1199.5803222656
-116.90000000000	1214.8344726563
-116.80000000000	1230.2806396484
-116.70000000000	1245.9205322266
-116.60000000000	1261.7512207031
-116.50000000000	1277.7742919922
-116.40000000000	1293.9891357422
-116.30000000000	1310.3964843750
-116.20000000000	1326.9973144531
-116.10000000000	1343.7891845703
-116.00000000000	1360.7756347656
-115.90000000000	1378.0159912109
-115.80000000000	1395.4932861328
-115.70000000000	1413.2091064453
-115.60000000000	1431.1608886719
-115.50000000000	1449.3496093750
-115.40000000000	1467.7758789063
-115.30000000000	1486.4389648438
-115.20000000000	1505.3409423828
-115.10000000000	1524.4783935547
-115.00000000000	1543.8503417969
-114.90000000000	1563.4686279297
-114.80000000000	1583.3405761719
-114.70000000000	1603.4686279297
-114.60000000000	1623.8485107422
-114.50000000000	1644.4832763672
-114.40000000000	1665.3723144531
-114.30000000000	1686.5148925781
-114.20000000000	1707.9139404297
-114.10000000000	1729.5650634766
-114.00000000000	1751.4703369141
-113.90000000000	1773.6511230469
-113.80000000000	1796.1370849609
-113.70000000000	1818.9304199219
-113.60000000000	1842.0275878906
-113.50000000000	1865.4306640625
-113.40000000000	1889.1392822266
-113.30000000000	1913.1534423828
-113.20000000000	1937.4753417969
-113.10000000000	1962.1007080078
-113.00000000000	1987.0322265625
-112.90000000000	2012.2916259766
-112.80000000000	2037.8848876953
-112.70000000000	2063.8063964844
-112.60000000000	2090.0517578125
-112.50000000000	2116.6228027344
-112.40000000000	2143.5197753906
-112.30000000000	2170.7431640625
-112.20000000000	2198.2941894531
-112.10000000000	2226.1691894531
-112.00000000000	2254.3652343750
-111.90000000000	2282.8659667969
-111.80000000000	2311.7687988281
-111.70000000000	2341.0759277344
-111.60000000000	2370.7834472656
-111.50000000000	2400.8935546875
-111.40000000000	2431.4055175781
-111.30000000000	2462.3193359375
-111.20000000000	2493.6376953125
-111.10000000000	2525.3562011719
-111.00000000000	2557.4775390625
-110.90000000000	2590.0007324219
-110.80000000000	2622.9260253906
-110.70000000000	2656.2561035156
-110.60000000000	2690.0805664063
-110.50000000000	2724.3164062500
-110.40000000000	2758.9631347656
-110.30000000000	2794.0224609375
-110.20000000000	2829.4938964844
-110.10000000000	2865.3747558594
-110.00000000000	2901.6662597656
-109.90000000000	2938.3132324219
-109.80000000000	2975.4853515625
-109.70000000000	3013.1928710938
-109.60000000000	3051.4287109375
-109.50000000000	3090.1970214844
-109.40000000000	3129.4960937500
-109.30000000000	3169.3278808594
-109.20000000000	3209.6940917969
-109.10000000000	3250.5895996094
-109.00000000000	3292.0161132813
-108.90000000000	3333.9609375000
-108.80000000000	3376.4221191406
-108.70000000000	3419.4016113281
-108.60000000000	3462.8930664063
-108.50000000000	3506.8994140625
-108.40000000000	3551.4216308594
-108.30000000000	3596.4597167969
-108.20000000000	3642.0163574219
-108.10000000000	3688.0842285156
-108.00000000000	3734.6796875000
-107.90000000000	3781.9758300781
-107.80000000000	3829.9362792969
-107.70000000000	3878.5637207031
-107.60000000000	3927.8491210938
-107.50000000000	3977.7998046875
-107.40000000000	4028.4130859375
-107.30000000000	4079.6906738281
-107.20000000000	4131.5595703125
-107.10000000000	4184.1015625000
-107.00000000000	4237.3208007813
-106.90000000000	4291.2192382813
-106.80000000000	4345.7949218750
-106.70000000000	4401.0537109375
-106.60000000000	4456.9868164063
-106.50000000000	4513.5976562500
-106.40000000000	4570.8867187500
-106.30000000000	4628.8540039063
-106.20000000000	4687.5048828125
-106.10000000000	4746.8286132813
-106.00000000000	4806.8442382813
-105.90000000000	4867.7675781250
-105.80000000000	4929.5263671875
-105.70000000000	4992.1254882813
-105.60000000000	5055.5537109375
-105.50000000000	5119.8173828125
-105.40000000000	5184.9160156250
-105.30000000000	5250.8510742188
-105.20000000000	5317.6235351563
-105.10000000000	5385.2285156250
-105.00000000000	5453.6762695313
-104.90000000000	5523.0190429688
-104.80000000000	5593.2592773438
-104.70000000000	5664.4008789063
-104.60000000000	5736.4360351563
-104.50000000000	5809.3657226563
-104.40000000000	5883.1938476563
-104.30000000000	5957.9184570313
-104.20000000000	6033.5444335938
-104.10000000000	6110.0629882813
-104.00000000000	6187.4780273438
-103.90000000000	6265.8847656250
-103.80000000000	6345.3637695313
-103.70000000000	6425.9238281250
-103.60000000000	6507.5517578125
-103.50000000000	6590.2524414063
-103.40000000000	6674.0268554688
-103.30000000000	6758.8754882813
-103.20000000000	6844.8037109375
-103.10000000000	6931.8007812500
-103.00000000000	7019.8701171875
-102.90000000000	7109.0927734375
-102.80000000000	7199.5014648438
-102.70000000000	7291.0761718750
-102.60000000000	7383.7973632813
-102.50000000000	7477.6748046875
-102.40000000000	7572.7094726563
-102.30000000000	7668.9013671875
-102.20000000000	7766.2558593750
-102.10000000000	7864.7597656250
-102.00000000000	7964.4179687500
-101.90000000000	8065.0952148438
-101.80000000000	8167.1826171875
-101.70000000000	8270.7021484375
-101.60000000000	8375.6337890625
-101.50000000000	8481.9902343750
-101.40000000000	8589.7675781250
-101.30000000000	8698.9667968750
-101.20000000000	8809.5976562500
-101.10000000000	8921.6406250000
-101.00000000000	9035.1074218750
-100.90000000000	9149.9970703125
-100.80000000000	9266.3095703125
-100.70000000000	9384.0712890625
-100.60000000000	9503.5673828125
-100.50000000000	9624.5185546875
-100.40000000000	9746.9287109375
-100.30000000000	9870.7939453125
-100.20000000000	9996.1269531250
-100.10000000000	10122.905273438
-100.00000000000	10251.139648438
-99.900000000000	10380.651367188
-99.800000000000	10511.914062500
-99.700000000000	10645.066406250
-99.600000000000	10780.083984375
-99.500000000000	10916.984375000
-99.400000000000	11055.761718750
-99.300000000000	11196.416992188
-99.200000000000	11338.966796875
-99.100000000000	11483.377929688
-99.000000000000	11629.683593750
-98.900000000000	11777.911132813
-98.800000000000	11927.970703125
-98.700000000000	12079.874023438
-98.600000000000	12233.597656250
-98.500000000000	12389.156250000
-98.400000000000	12546.545898438
-98.300000000000	12705.765625000
-98.200000000000	12866.833984375
-98.100000000000	13029.720703125
-98.000000000000	13194.441406250
-97.900000000000	13360.972656250
-97.800000000000	13529.916015625
-97.700000000000	13701.284179688
-97.600000000000	13875.049804688
-97.500000000000	14051.227539063
-97.400000000000	14229.817382813
-97.300000000000	14410.814453125
-97.200000000000	14594.241210938
-97.100000000000	14780.065429688
-97.000000000000	14968.302734375
-96.900000000000	15158.964843750
-96.800000000000	15351.995117188
-96.700000000000	15547.393554688
-96.600000000000	15745.131835938
-96.500000000000	15945.229492188
-96.400000000000	16147.682617188
-96.300000000000	16352.491210938
-96.200000000000	16559.671875000
-96.100000000000	16769.191406250
-96.000000000000	16981.156250000
-95.900000000000	17196.166015625
-95.800000000000	17414.199218750
-95.700000000000	17635.281250000
-95.600000000000	17859.371093750
-95.500000000000	18086.486328125
-95.400000000000	18316.626953125
-95.300000000000	18549.794921875
-95.200000000000	18785.621093750
-95.100000000000	19024.486328125
-95.000000000000	19266.437500000
-94.900000000000	19511.472656250
-94.800000000000	19759.597656250
-94.700000000000	20010.839843750
-94.600000000000	20265.142578125
-94.500000000000	20522.537109375
-94.400000000000	20783.019531250
-94.300000000000	21046.591796875
-94.200000000000	21313.269531250
-94.100000000000	21583.019531250
-94.000000000000	21855.947265625
-93.900000000000	22132.691406250
-93.800000000000	22413.236328125
-93.700000000000	22697.603515625
-93.600000000000	22985.744140625
-93.500000000000	23277.697265625
-93.400000000000	23573.441406250
-93.300000000000	23872.990234375
-93.200000000000	24176.365234375
-93.100000000000	24483.515625000
-93.000000000000	24794.527343750
-92.900000000000	25109.589843750
-92.800000000000	25428.726562500
-92.700000000000	25751.947265625
-92.600000000000	26079.218750000
-92.500000000000	26410.542968750
-92.400000000000	26745.943359375
-92.300000000000	27085.406250000
-92.200000000000	27428.960937500
-92.100000000000	27776.554687500
-92.000000000000	28128.212890625
-91.900000000000	28484.371093750
-91.800000000000	28845.419921875
-91.700000000000	29211.384765625
-91.600000000000	29582.210937500
-91.500000000000	29957.925781250
-91.400000000000	30338.523437500
-91.300000000000	30724.007812500
-91.200000000000	31114.416015625
-91.100000000000	31509.679687500
-91.000000000000	31909.824218750
-90.900000000000	32315.218750000
-90.800000000000	32725.953125000
-90.700000000000	33141.949218750
-90.600000000000	33563.140625000
-90.500000000000	33989.558593750
-90.400000000000	34421.199218750
-90.300000000000	34858.062500000
-90.200000000000	35300.187500000
-90.100000000000	35747.500000000
-90.000000000000	36200.007812500
-89.900000000000	36657.359375000
-89.800000000000	37121.117187500
-89.700000000000	37591.359375000
-89.600000000000	38067.976562500
-89.500000000000	38551.023437500
-89.400000000000	39040.492187500
-89.300000000000	39536.382812500
-89.200000000000	40038.746093750
-89.100000000000	40547.488281250
-89.000000000000	41062.652343750
-88.900000000000	41584.250000000
-88.800000000000	42112.265625000
-88.700000000000	42646.789062500
-88.600000000000	43189.421875000
-88.500000000000	43738.609375000
-88.400000000000	44294.367187500
-88.300000000000	44856.679687500
-88.200000000000	45425.601562500
-88.100000000000	46001.042968750
-88.000000000000	46583.058593750
-87.900000000000	47170.886718750
-87.800000000000	47766.824218750
-87.700000000000	48371.304687500
-87.600000000000	48984.218750000
-87.500000000000	49605.625000000
-87.400000000000	50235.519531250
-87.300000000000	50873.910156250
-87.200000000000	51520.820312500
-87.100000000000	52176.179687500
-87.000000000000	52840.089843750
-86.900000000000	53512.445312500
-86.800000000000	54193.078125000
-86.700000000000	54882.027343750
-86.600000000000	55579.175781250
-86.500000000000	56284.585937500
-86.400000000000	56998.238281250
-86.300000000000	57720.167968750
-86.200000000000	58450.417968750
-86.100000000000	59188.871093750
-86.000000000000	59935.562500000
-85.900000000000	60691.671875000
-85.800000000000	61458.562500000
-85.700000000000	62236.324218750
-85.600000000000	63024.792968750
-85.500000000000	63824.074218750
-85.400000000000	64634.160156250
-85.300000000000	65455.015625000
-85.200000000000	66286.750000000
-85.100000000000	67129.218750000
-85.000000000000	67982.453125000
-84.900000000000	68847.007812500
-84.800000000000	69722.242187500
-84.700000000000	70608.148437500
-84.600000000000	71504.609375000
-84.500000000000	72411.703125000
-84.400000000000	73329.406250000
-84.300000000000	74257.726562500
-84.200000000000	75196.742187500
-84.100000000000	76146.304687500
-84.000000000000	77106.484375000
-83.900000000000	78078.492187500
-83.800000000000	79064.382812500
-83.700000000000	80064.234375000
-83.600000000000	81077.882812500
-83.500000000000	82105.398437500
-83.400000000000	83146.812500000
-83.300000000000	84202.093750000
-83.200000000000	85271.351562500
-83.100000000000	86354.398437500
-83.000000000000	87451.367187500
-82.900000000000	88562.265625000
-82.800000000000	89686.812500000
-82.700000000000	90825.039062500
-82.600000000000	91976.820312500
-82.500000000000	93142.203125000
-82.400000000000	94321.218750000
-82.300000000000	95513.843750000
-82.200000000000	96720.210937500
-82.100000000000	97940.101562500
-82.000000000000	99173.570312500
-81.900000000000	100421.82031250
-81.800000000000	101687.96093750
-81.700000000000	102972.07812500
-81.600000000000	104274.00000000
-81.500000000000	105593.81250000
-81.400000000000	106931.51562500
-81.300000000000	108287.13281250
-81.200000000000	109660.73437500
-81.100000000000	111052.13281250
-81.000000000000	112461.42187500
-80.900000000000	113888.80468750
-80.800000000000	115333.88281250
-80.700000000000	116796.46875000
-80.600000000000	118276.33593750
-80.500000000000	119773.55468750
-80.400000000000	121288.16406250
-80.300000000000	122820.15625000
-80.200000000000	124369.65625000
-80.100000000000	125936.41406250
-80.000000000000	127520.96093750
-79.900000000000	129127.90625000
-79.800000000000	130757.25781250
-79.700000000000	132409.09375000
-79.600000000000	134083.25000000
-79.500000000000	135779.75000000
-79.400000000000	137498.70312500
-79.300000000000	139239.51562500
-79.200000000000	140999.78125000
-79.100000000000	142782.76562500
-79.000000000000	144588.62500000
-78.900000000000	146417.35937500
-78.800000000000	148268.96875000
-78.700000000000	150143.59375000
-78.600000000000	152040.95312500
-78.500000000000	153961.15625000
-78.400000000000	155904.25000000
-78.300000000000	157870.21875000
-78.200000000000	159859.21875000
-78.100000000000	161870.90625000
-78.000000000000	163905.68750000
-77.900000000000	165968.75000000
-77.800000000000	168059.81250000
-77.700000000000	170178.98437500
-77.600000000000	172326.00000000
-77.500000000000	174500.98437500
-77.400000000000	176703.95312500
-77.300000000000	178934.87500000
-77.200000000000	181194.00000000
-77.100000000000	183480.87500000
-77.000000000000	185795.78125000
-76.900000000000	188139.71875000
-76.800000000000	190513.29687500
-76.700000000000	192916.84375000
-76.600000000000	195349.95312500
-76.500000000000	197812.75000000
-76.400000000000	200305.26562500
-76.300000000000	202827.45312500
-76.200000000000	205379.60937500
-76.100000000000	207961.29687500
-76.000000000000	210572.26562500
-75.900000000000	213209.12500000
-75.800000000000	215882.31250000
-75.700000000000	218592.07812500
-75.600000000000	221337.92187500
-75.500000000000	224120.20312500
-75.400000000000	226938.75000000
-75.300000000000	229793.65625000
-75.200000000000	232685.10937500
-75.100000000000	235612.68750000
-75.000000000000	238576.60937500
-74.900000000000	241576.87500000
-74.800000000000	244613.43750000
-74.700000000000	247686.60937500
-74.600000000000	250803.45312500
-74.500000000000	253958.70312500
-74.400000000000	257151.12500000
-74.300000000000	260380.67187500
-74.200000000000	263647.59375000
-74.100000000000	266951.37500000
-74.000000000000	270292.31250000
-73.900000000000	273665.81250000
-73.800000000000	277084.71875000
-73.700000000000	280550.75000000
-73.600000000000	284063.43750000
-73.500000000000	287622.90625000
-73.400000000000	291229.28125000
-73.300000000000	294882.50000000
-73.200000000000	298582.90625000
-73.100000000000	302329.87500000
-73.000000000000	306123.53125000
-72.900000000000	309963.21875000
-72.800000000000	313848.84375000
-72.700000000000	317780.53125000
-72.600000000000	321758.03125000
-72.500000000000	325781.25000000
-72.400000000000	329850.50000000
-72.300000000000	333965.68750000
-72.200000000000	338127.06250000
-72.100000000000	342333.96875000
-72.000000000000	346586.87500000
-71.900000000000	350887.18750000
-71.800000000000	355246.43750000
-71.700000000000	359664.90625000
-71.600000000000	364142.00000000
-71.500000000000	368678.00000000
-71.400000000000	373273.00000000
-71.300000000000	377926.87500000
-71.200000000000	382640.03125000
-71.100000000000	387411.87500000
-71.000000000000	392242.43750000
-70.900000000000	397133.37500000
-70.800000000000	402085.21875000
-70.700000000000	407095.31250000
-70.600000000000	412163.03125000
-70.500000000000	417288.56250000
-70.400000000000	422471.96875000
-70.300000000000	427713.28125000
-70.200000000000	433012.75000000
-70.100000000000	438369.81250000
-70.000000000000	443785.21875000
-69.900000000000	449268.90625000
-69.800000000000	454824.50000000
-69.700000000000	460452.28125000
-69.600000000000	466151.53125000
-69.500000000000	471922.53125000
-69.400000000000	477765.37500000
-69.300000000000	483679.75000000
-69.200000000000	489659.90625000
-69.100000000000	495712.59375000
-69.000000000000	501838.25000000
-68.900000000000	508036.93750000
-68.800000000000	514308.62500000
-68.700000000000	520653.78125000
-68.600000000000	527071.62500000
-68.500000000000	533562.31250000
-68.400000000000	540125.93750000
-68.300000000000	546762.75000000
-68.200000000000	553472.93750000
-68.100000000000	560255.75000000
-68.000000000000	567111.56250000
-67.900000000000	574059.31250000
-67.800000000000	581094.62500000
-67.700000000000	588217.50000000
-67.600000000000	595427.00000000
-67.500000000000	602723.62500000
-67.400000000000	610107.25000000
-67.300000000000	617578.18750000
-67.200000000000	625136.62500000
-67.100000000000	632781.68750000
-67.000000000000	640513.93750000
-66.900000000000	648333.12500000
-66.800000000000	656243.50000000
-66.700000000000	664245.56250000
-66.600000000000	672338.56250000
-66.500000000000	680523.00000000
-66.400000000000	688798.75000000
-66.300000000000	697165.87500000
-66.200000000000	705625.12500000
-66.100000000000	714175.06250000
-66.000000000000	722816.43750000
-65.900000000000	731545.87500000
-65.800000000000	740380.87500000
-65.700000000000	749323.87500000
-65.600000000000	758373.62500000
-65.500000000000	767530.75000000
-65.400000000000	776795.31250000
-65.300000000000	786167.06250000
-65.200000000000	795647.18750000
-65.100000000000	805233.62500000
-65.000000000000	814927.75000000
-64.900000000000	824729.06250000
-64.800000000000	834637.75000000
-64.700000000000	844654.62500000
-64.600000000000	854783.12500000
-64.500000000000	865026.00000000
-64.400000000000	875377.43750000
-64.300000000000	885837.43750000
-64.200000000000	896406.81250000
-64.100000000000	907084.12500000
-64.000000000000	917869.81250000
-63.900000000000	928776.81250000
-63.800000000000	939810.81250000
-63.700000000000	950970.75000000
-63.600000000000	962257.37500000
-63.500000000000	973670.06250000
-63.400000000000	985208.87500000
-63.300000000000	996867.62500000
-63.200000000000	1008644.7500000
-63.100000000000	1020549.8750000
-63.000000000000	1032582.4375000
-62.900000000000	1044742.7500000
-62.800000000000	1057031.3750000
-62.700000000000	1069447.2500000
-62.600000000000	1081991.1250000
-62.500000000000	1094662.5000000
-62.400000000000	1107461.6250000
-62.300000000000	1120389.0000000
-62.200000000000	1133443.5000000
-62.100000000000	1146626.5000000
-62.000000000000	1159923.5000000
-61.900000000000	1173398.1250000
-61.800000000000	1187002.8750000
-61.700000000000	1200750.0000000
-61.600000000000	1214640.2500000
-61.500000000000	1228673.0000000
-61.400000000000	1242848.3750000
-61.300000000000	1257167.3750000
-61.200000000000	1271628.2500000
-61.100000000000	1286232.5000000
-61.000000000000	1300976.7500000
-60.900000000000	1315862.8750000
-60.800000000000	1330896.2500000
-60.700000000000	1346076.5000000
-60.600000000000	1361404.2500000
-60.500000000000	1376878.2500000
-60.400000000000	1392499.6250000
-60.300000000000	1408268.5000000
-60.200000000000	1424184.0000000
-60.100000000000	1440247.3750000
-60.000000000000	1456457.3750000
-59.900000000000	1472824.7500000
-59.800000000000	1489348.5000000
-59.700000000000	1506027.5000000
-59.600000000000	1522863.5000000
-59.500000000000	1539854.2500000
-59.400000000000	1557001.7500000
-59.300000000000	1574305.6250000
-59.200000000000	1591765.3750000
-59.100000000000	1609381.5000000
-59.000000000000	1627152.6250000
-58.900000000000	1645076.7500000
-58.800000000000	1663160.3750000
-58.700000000000	1681402.2500000
-58.600000000000	1699804.0000000
-58.500000000000	1718364.0000000
-58.400000000000	1737083.2500000
-58.300000000000	1755961.7500000
-58.200000000000	1774998.6250000
-58.100000000000	1794195.6250000
-58.000000000000	1813550.5000000
-57.900000000000	1833067.5000000
-57.800000000000	1852746.0000000
-57.700000000000	1872583.6250000
-57.600000000000	1892582.5000000
-57.500000000000	1912741.1250000
-57.400000000000	1933060.0000000
-57.300000000000	1953540.0000000
-57.200000000000	1974179.5000000
-57.100000000000	1994980.2500000
-57.000000000000	2015940.3750000
-56.900000000000	2037055.7500000
-56.800000000000	2058328.1250000
-56.700000000000	2079758.8750000
-56.600000000000	2101349.7500000
-56.500000000000	2123099.0000000
-56.400000000000	2145008.5000000
-56.300000000000	2167077.2500000
-56.200000000000	2189305.5000000
-56.100000000000	2211693.2500000
-56.000000000000	2234240.2500000
-55.900000000000	2256957.2500000
-55.800000000000	2279825.7500000
-55.700000000000	2302841.2500000
-55.600000000000	2326004.7500000
-55.500000000000	2349315.5000000
-55.400000000000	2372773.5000000
-55.300000000000	2396380.2500000
-55.200000000000	2420133.5000000
-55.100000000000	2444036.0000000
-55.000000000000	2468085.0000000
-54.900000000000	2492281.2500000
-54.800000000000	2516626.7500000
-54.700000000000	2541118.7500000
-54.600000000000	2565729.7500000
-54.500000000000	2590484.0000000
-54.400000000000	2615384.2500000
-54.300000000000	2640431.0000000
-54.200000000000	2665623.0000000
-54.100000000000	2690962.0000000
-54.000000000000	2716445.2500000
-53.900000000000	2742095.2500000
-53.800000000000	2767866.7500000
-53.700000000000	2793748.5000000
-53.600000000000	2819742.5000000
-53.500000000000	2845847.2500000
-53.400000000000	2872063.0000000
-53.300000000000	2898391.0000000
-53.200000000000	2924829.2500000
-53.100000000000	2951380.0000000
-53.000000000000	2978040.7500000
-52.900000000000	3004813.2500000
-52.800000000000	3031704.0000000
-52.700000000000	3058710.5000000
-52.600000000000	3085834.7500000
-52.500000000000	3113075.5000000
-52.400000000000	3140432.2500000
-52.300000000000	3167906.2500000
-52.200000000000	3195496.2500000
-52.100000000000	3223204.5000000
-52.000000000000	3251019.2500000
-51.900000000000	3278881.2500000
-51.800000000000	3306808.7500000
-51.700000000000	3334799.5000000
-51.600000000000	3362856.2500000
-51.500000000000	3390975.0000000
-51.400000000000	3419159.2500000
-51.300000000000	3447408.0000000
-51.200000000000	3475750.7500000
-51.100000000000	3504159.7500000
-51.000000000000	3532626.7500000
-50.900000000000	3561153.2500000
-50.800000000000	3589738.2500000
-50.700000000000	3618383.0000000
-50.600000000000	3647087.0000000
-50.500000000000	3675849.0000000
-50.400000000000	3704670.0000000
-50.300000000000	3733551.7500000
-50.200000000000	3762490.7500000
-50.100000000000	3791489.5000000
-50.000000000000	3820533.7500000
-49.900000000000	3849557.5000000
-49.800000000000	3878584.7500000
-49.700000000000	3907616.2500000
-49.600000000000	3936653.5000000
-49.500000000000	3965691.7500000
-49.400000000000	3994735.2500000
-49.300000000000	4023782.7500000
-49.200000000000	4052834.2500000
-49.100000000000	4081890.2500000
-49.000000000000	4110954.0000000
-48.900000000000	4140011.2500000
-48.800000000000	4169053.5000000
-48.700000000000	4198079.0000000
-48.600000000000	4227090.0000000
-48.500000000000	4256083.5000000
-48.400000000000	4285062.5000000
-48.300000000000	4314025.5000000
-48.200000000000	4342972.5000000
-48.100000000000	4371904.0000000
-48.000000000000	4400810.0000000
-47.900000000000	4429650.0000000
-47.800000000000	4458426.0000000
-47.700000000000	4487133.5000000
-47.600000000000	4515777.5000000
-47.500000000000	4544352.5000000
-47.400000000000	4572863.0000000
-47.300000000000	4601308.0000000
-47.200000000000	4629687.0000000
-47.100000000000	4658000.5000000
-47.000000000000	4686245.5000000
-46.900000000000	4714409.5000000
-46.800000000000	4742486.0000000
-46.700000000000	4770474.5000000
-46.600000000000	4798376.5000000
-46.500000000000	4826191.0000000
-46.400000000000	4853917.0000000
-46.300000000000	4881558.0000000
-46.200000000000	4909110.5000000
-46.100000000000	4936576.0000000
-46.000000000000	4963953.5000000
-45.900000000000	4991198.5000000
-45.800000000000	5018313.5000000
-45.700000000000	5045296.5000000
-45.600000000000	5072150.0000000
-45.500000000000	5098872.0000000
-45.400000000000	5125462.0000000
-45.300000000000	5151923.0000000
-45.200000000000	5178253.0000000
-45.100000000000	5204452.5000000
-45.000000000000	5230520.0000000
-44.900000000000	5256443.0000000
-44.800000000000	5282217.5000000
-44.700000000000	5307842.0000000
-44.600000000000	5333318.0000000
-44.500000000000	5358643.5000000
-44.400000000000	5383821.0000000
-44.300000000000	5408849.0000000
-44.200000000000	5433728.0000000
-44.100000000000	5458458.5000000
-44.000000000000	5483038.0000000
-43.900000000000	5507460.5000000
-43.800000000000	5531704.5000000
-43.700000000000	5555769.5000000
-43.600000000000	5579654.5000000
-43.500000000000	5603360.0000000
-43.400000000000	5626886.0000000
-43.300000000000	5650232.0000000
-43.200000000000	5673398.0000000
-43.100000000000	5696385.5000000
-43.000000000000	5719193.5000000
-42.900000000000	5741818.0000000
-42.800000000000	5764257.0000000
-42.700000000000	5786504.0000000
-42.600000000000	5808562.0000000
-42.500000000000	5830427.0000000
-42.400000000000	5852103.0000000
-42.300000000000	5873588.5000000
-42.200000000000	5894883.5000000
-42.100000000000	5915989.0000000
-42.000000000000	5936902.5000000
-41.900000000000	5957628.5000000
-41.800000000000	5978148.0000000
-41.700000000000	5998460.0000000
-41.600000000000	6018564.5000000
-41.500000000000	6038460.5000000
-41.400000000000	6058148.5000000
-41.300000000000	6077629.0000000
-41.200000000000	6096901.5000000
-41.100000000000	6115965.5000000
-41.000000000000	6134822.5000000
-40.900000000000	6153471.0000000
-40.800000000000	6171913.0000000
-40.700000000000	6190146.0000000
-40.600000000000	6208169.0000000
-40.500000000000	6225982.5000000
-40.400000000000	6243584.5000000
-40.300000000000	6260977.5000000
-40.200000000000	6278161.0000000
-40.100000000000	6295133.5000000
-40.000000000000	6311894.5000000
-39.900000000000	6328445.5000000
-39.800000000000	6344781.0000000
-39.700000000000	6360899.5000000
-39.600000000000	6376803.5000000
-39.500000000000	6392490.5000000
-39.400000000000	6407962.0000000
-39.300000000000	6423219.0000000
-39.200000000000	6438263.0000000
-39.100000000000	6453094.5000000
-39.000000000000	6467708.5000000
-38.900000000000	6482109.5000000
-38.800000000000	6496295.5000000
-38.700000000000	6510266.5000000
-38.600000000000	6524023.5000000
-38.500000000000	6537564.5000000
-38.400000000000	6550890.5000000
-38.300000000000	6564003.0000000
-38.200000000000	6576898.5000000
-38.100000000000	6589581.5000000
-38.000000000000	6602047.0000000
-37.900000000000	6614296.0000000
-37.800000000000	6626331.5000000
-37.700000000000	6638155.5000000
-37.600000000000	6649769.0000000
-37.500000000000	6661169.0000000
-37.400000000000	6672360.0000000
-37.300000000000	6683338.5000000
-37.200000000000	6694105.5000000
-37.100000000000	6704662.5000000
-37.000000000000	6715005.0000000
-36.900000000000	6725139.0000000
-36.800000000000	6735061.0000000
-36.700000000000	6744771.5000000
-36.600000000000	6754279.5000000
-36.500000000000	6763576.0000000
-36.400000000000	6772662.5000000
-36.300000000000	6781538.5000000
-36.200000000000	6790203.0000000
-36.100000000000	6798657.5000000
-36.000000000000	6806900.5000000
-35.900000000000	6814929.0000000
-35.800000000000	6822753.5000000
-35.700000000000	6830374.0000000
-35.600000000000	6837791.0000000
-35.500000000000	6845004.0000000
-35.400000000000	6852015.5000000
-35.300000000000	6858821.5000000
-35.200000000000	6865423.5000000
-35.100000000000	6871824.0000000
-35.000000000000	6878018.0000000
-34.900000000000	6884010.0000000
-34.800000000000	6889795.0000000
-34.700000000000	6895377.5000000
-34.600000000000	6900755.0000000
-34.500000000000	6905927.5000000
-34.400000000000	6910895.0000000
-34.300000000000	6915658.0000000
-34.200000000000	6920216.5000000
-34.100000000000	6924570.5000000
-34.000000000000	6928719.5000000
-33.900000000000	6932673.5000000
-33.800000000000	6936429.0000000
-33.700000000000	6939986.5000000
-33.600000000000	6943345.0000000
-33.500000000000	6946504.0000000
-33.400000000000	6949463.5000000
-33.300000000000	6952225.0000000
-33.200000000000	6954787.0000000
-33.100000000000	6957151.0000000
-33.000000000000	6959315.5000000
-32.900000000000	6961281.0000000
-32.800000000000	6963045.0000000
-32.700000000000	6964609.0000000
-32.600000000000	6965974.0000000
-32.500000000000	6967138.0000000
-32.400000000000	6968103.0000000
-32.300000000000	6968869.0000000
-32.200000000000	6969436.0000000
-32.100000000000	6969801.5000000
-32.000000000000	6969968.5000000
-31.900000000000	6969945.0000000
-31.800000000000	6969724.5000000
-31.700000000000	6969302.5000000
-31.600000000000	6968682.5000000
-31.500000000000	6967864.5000000
-31.400000000000	6966847.0000000
-31.300000000000	6965630.5000000
-31.200000000000	6964211.5000000
-31.100000000000	6962593.5000000
-31.000000000000	6960776.0000000
-30.900000000000	6958758.0000000
-30.800000000000	6956543.0000000
-30.700000000000	6954126.0000000
-30.600000000000	6951510.5000000
-30.500000000000	6948693.5000000
-30.400000000000	6945679.0000000
-30.300000000000	6942466.0000000
-30.200000000000	6939051.5000000
-30.100000000000	6935438.0000000
-30.000000000000	6931626.5000000
-29.900000000000	6927616.5000000
-29.800000000000	6923404.0000000
-29.700000000000	6918986.0000000
-29.600000000000	6914366.0000000
-29.500000000000	6909538.0000000
-29.400000000000	6904508.0000000
-29.300000000000	6899272.0000000
-29.200000000000	6893832.5000000
-29.100000000000	6888188.0000000
-29.000000000000	6882339.0000000
-28.900000000000	6876285.0000000
-28.800000000000	6870028.0000000
-28.700000000000	6863562.0000000
-28.600000000000	6856889.0000000
-28.500000000000	6850011.0000000
-28.400000000000	6842926.5000000
-28.300000000000	6835637.0000000
-28.200000000000	6828143.5000000
-28.100000000000	6820444.0000000
-28.000000000000	6812540.0000000
-27.900000000000	6804432.5000000
-27.800000000000	6796115.0000000
-27.700000000000	6787583.0000000
-27.600000000000	6778837.5000000
-27.500000000000	6769878.5000000
-27.400000000000	6760707.0000000
-27.300000000000	6751322.5000000
-27.200000000000	6741724.0000000
-27.100000000000	6731912.0000000
-27.000000000000	6721888.0000000
-26.900000000000	6711648.5000000
-26.800000000000	6701197.0000000
-26.700000000000	6690531.0000000
-26.600000000000	6679653.5000000
-26.500000000000	6668561.0000000
-26.400000000000	6657255.5000000
-26.300000000000	6645737.5000000
-26.200000000000	6634006.0000000
-26.100000000000	6622060.0000000
-26.000000000000	6609901.5000000
-25.900000000000	6597524.0000000
-25.800000000000	6584925.5000000
-25.700000000000	6572107.0000000
-25.600000000000	6559066.0000000
-25.500000000000	6545806.5000000
-25.400000000000	6532325.0000000
-25.300000000000	6518622.5000000
-25.200000000000	6504702.0000000
-25.100000000000	6490562.0000000
-25.000000000000	6476202.5000000
-24.900000000000	6461622.5000000
-24.800000000000	6446821.5000000
-24.700000000000	6431802.0000000
-24.600000000000	6416561.5000000
-24.500000000000	6401101.5000000
-24.400000000000	6385422.0000000
-24.300000000000	6369520.5000000
-24.200000000000	6353400.5000000
-24.100000000000	6337060.5000000
-24.000000000000	6320499.5000000
-23.900000000000	6303709.5000000
-23.800000000000	6286698.5000000
-23.700000000000	6269469.5000000
-23.600000000000	6252020.0000000
-23.500000000000	6234351.0000000
-23.400000000000	6216462.0000000
-23.300000000000	6198353.0000000
-23.200000000000	6180025.0000000
-23.100000000000	6161476.5000000
-23.000000000000	6142708.5000000
-22.900000000000	6123720.5000000
-22.800000000000	6104512.5000000
-22.700000000000	6085088.5000000
-22.600000000000	6065458.5000000
-22.500000000000	6045609.5000000
-22.400000000000	6025542.0000000
-22.300000000000	6005255.0000000
-22.200000000000	5984749.5000000
-22.100000000000	5964025.0000000
-22.000000000000	5943081.0000000
-21.900000000000	5921903.5000000
-21.800000000000	5900522.0000000
-21.700000000000	5878939.0000000
-21.600000000000	5857154.0000000
-21.500000000000	5835168.0000000
-21.400000000000	5812980.0000000
-21.300000000000	5790590.0000000
-21.200000000000	5767998.0000000
-21.100000000000	5745204.5000000
-21.000000000000	5722212.5000000
-20.900000000000	5699015.5000000
-20.800000000000	5675617.5000000
-20.700000000000	5652012.0000000
-20.600000000000	5628204.0000000
-20.500000000000	5604188.0000000
-20.400000000000	5579969.0000000
-20.300000000000	5555547.0000000
-20.200000000000	5530918.5000000
-20.100000000000	5506086.0000000
-20.000000000000	5481049.5000000
-19.900000000000	5455812.5000000
-19.800000000000	5430409.5000000
-19.700000000000	5404841.0000000
-19.600000000000	5379106.0000000
-19.500000000000	5353204.0000000
-19.400000000000	5327136.5000000
-19.300000000000	5300903.5000000
-19.200000000000	5274504.0000000
-19.100000000000	5247937.0000000
-19.000000000000	5221204.5000000
-18.900000000000	5194315.0000000
-18.800000000000	5167262.5000000
-18.700000000000	5140041.0000000
-18.600000000000	5112651.0000000
-18.500000000000	5085090.5000000
-18.400000000000	5057362.0000000
-18.300000000000	5029464.5000000
-18.200000000000	5001397.5000000
-18.100000000000	4973162.0000000
-18.000000000000	4944756.5000000
-17.900000000000	4916196.0000000
-17.800000000000	4887526.5000000
-17.700000000000	4858748.5000000
-17.600000000000	4829862.0000000
-17.500000000000	4800867.0000000
-17.400000000000	4771763.0000000
-17.300000000000	4742550.0000000
-17.200000000000	4713229.5000000
-17.100000000000	4683800.0000000
-17.000000000000	4654260.5000000
-16.900000000000	4624610.5000000
-16.800000000000	4594844.0000000
-16.700000000000	4564962.5000000
-16.600000000000	4534964.5000000
-16.500000000000	4504850.5000000
-16.400000000000	4474620.5000000
-16.300000000000	4444275.0000000
-16.200000000000	4413814.0000000
-16.100000000000	4383235.5000000
-16.000000000000	4352555.5000000
-15.900000000000	4321844.5000000
-15.800000000000	4291085.5000000
-15.700000000000	4260275.5000000
-15.600000000000	4229417.0000000
-15.500000000000	4198510.5000000
-15.400000000000	4167553.7500000
-15.300000000000	4136548.7500000
-15.200000000000	4105456.2500000
-15.100000000000	4074317.0000000
-15.000000000000	4043134.7500000
-14.900000000000	4011911.5000000
-14.800000000000	3980645.7500000
-14.700000000000	3949339.0000000
-14.600000000000	3917989.7500000
-14.500000000000	3886598.2500000
-14.400000000000	3855165.2500000
-14.300000000000	3823690.7500000
-14.200000000000	3792174.0000000
-14.100000000000	3760615.5000000
-14.000000000000	3729020.7500000
-13.900000000000	3697457.7500000
-13.800000000000	3665909.0000000
-13.700000000000	3634373.2500000
-13.600000000000	3602850.0000000
-13.500000000000	3571340.0000000
-13.400000000000	3539844.2500000
-13.300000000000	3508361.0000000
-13.200000000000	3476890.7500000
-13.100000000000	3445434.0000000
-13.000000000000	3414055.7500000
-12.900000000000	3382560.5000000
-12.800000000000	3351160.7500000
-12.700000000000	3319791.0000000
-12.600000000000	3288451.5000000
-12.500000000000	3257142.2500000
-12.400000000000	3225863.2500000
-12.300000000000	3194614.7500000
-12.200000000000	3163397.0000000
-12.100000000000	3132208.7500000
-12.000000000000	3101050.7500000
-11.900000000000	3069921.5000000
-11.800000000000	3038864.0000000
-11.700000000000	3007878.5000000
-11.600000000000	2976964.7500000
-11.500000000000	2946123.0000000
-11.400000000000	2915353.0000000
-11.300000000000	2884655.0000000
-11.200000000000	2854028.7500000
-11.100000000000	2823475.0000000
-11.000000000000	2792992.5000000
-10.900000000000	2762582.0000000
-10.800000000000	2732243.2500000
-10.700000000000	2701977.2500000
-10.600000000000	2671798.2500000
-10.500000000000	2641696.2500000
-10.400000000000	2611671.5000000
-10.300000000000	2581722.7500000
-10.200000000000	2551850.7500000
-10.100000000000	2522053.7500000
-10.000000000000	2492334.2500000
-9.9000000000000	2462715.0000000
-9.8000000000000	2433200.0000000
-9.7000000000000	2403788.0000000
-9.6000000000000	2374480.2500000
-9.5000000000000	2345276.2500000
-9.4000000000000	2316176.2500000
-9.3000000000000	2287180.0000000
-9.2000000000000	2258275.2500000
-9.1000000000000	2229469.7500000
-9.0000000000000	2200768.7500000
-8.9000000000000	2172171.5000000
-8.8000000000000	2143679.0000000
-8.7000000000000	2115291.0000000
-8.6000000000000	2087007.0000000
-8.5000000000000	2058827.2500000
-8.4000000000000	2030751.0000000
-8.3000000000000	2002780.2500000
-8.2000000000000	1974912.5000000
-8.1000000000000	1947150.1250000
-8.0000000000000	1919504.8750000
-7.9000000000000	1891969.7500000
-7.8000000000000	1864544.3750000
-7.7000000000000	1837228.7500000
-7.6000000000000	1810022.7500000
-7.5000000000000	1782926.7500000
-7.4000000000000	1755941.0000000
-7.3000000000000	1729064.6250000
-7.2000000000000	1702297.7500000
-7.1000000000000	1675641.1250000
-7.0000000000000	1649091.5000000
-6.9000000000000	1622647.5000000
-6.8000000000000	1596312.0000000
-6.7000000000000	1570085.0000000
-6.6000000000000	1543966.7500000
-6.5000000000000	1517956.7500000
-6.4000000000000	1492052.5000000
-6.3000000000000	1466246.7500000
-6.2000000000000	1440545.3750000
-6.1000000000000	1414948.8750000
-6.0000000000000	1389457.3750000
-5.9000000000000	1364070.1250000
-5.8000000000000	1338788.0000000
-5.7000000000000	1313610.2500000
-5.6000000000000	1288537.6250000
-5.5000000000000	1263569.5000000
-5.4000000000000	1238706.1250000
-5.3000000000000	1213966.1250000
-5.2000000000000	1189324.6250000
-5.1000000000000	1164765.8750000
-5.0000000000000	1140290.0000000
-4.9000000000000	1115896.0000000
-4.8000000000000	1091585.2500000
-4.7000000000000	1067356.7500000
-4.6000000000000	1043211.3750000
-4.5000000000000	1019148.3750000
-4.4000000000000	995168.00000000
-4.3000000000000	971270.18750000
-4.2000000000000	947454.87500000
-4.1000000000000	923722.43750000
-4.0000000000000	900072.43750000
-3.9000000000000	876505.25000000
-3.8000000000000	853020.50000000
-3.7000000000000	829618.50000000
-3.6000000000000	806299.06250000
-3.5000000000000	783060.56250000
-3.4000000000000	759894.31250000
-3.3000000000000	736785.87500000
-3.2000000000000	713735.12500000
-3.1000000000000	690742.31250000
-3.0000000000000	667807.06250000
-2.9000000000000	644929.62500000
-2.8000000000000	622110.12500000
-2.7000000000000	599348.25000000
-2.6000000000000	576644.18750000
-2.5000000000000	553997.81250000
-2.4000000000000	531409.25000000
-2.3000000000000	508878.50000000
-2.2000000000000	486405.43750000
-2.1000000000000	463990.06250000
-2.0000000000000	441632.56250000
-1.9000000000000	419332.90625000
-1.8000000000000	397090.90625000
-1.7000000000000	374887.06250000
-1.6000000000000	352688.81250000
-1.5000000000000	330508.75000000
-1.4000000000000	308346.68750000
-1.3000000000000	286202.75000000
-1.2000000000000	264076.90625000
-1.1000000000000	241969.04687500
-1.0000000000000	219879.34375000
-0.89999999999999	197807.65625000
-0.80000000000000	175754.12500000
-0.69999999999999	153718.64062500
-0.59999999999999	131701.21875000
-0.50000000000000	109701.84375000
-0.39999999999999	87720.562500000
-0.30000000000000	65757.351562500
-0.19999999999999	43812.273437500
-0.099999999999994	21885.179687500
0.00000000000000	23.801372528076
0.10000000000001	-21885.179687500
0.20000000000000	-43812.273437500
0.30000000000001	-65757.351562500
0.40000000000001	-87720.562500000
0.50000000000000	-109701.84375000
0.60000000000001	-131701.21875000
0.70000000000000	-153718.64062500
0.80000000000001	-175754.12500000
0.90000000000001	-197807.65625000
1.0000000000000	-219879.34375000
1.1000000000000	-241969.04687500
1.2000000000000	-264076.90625000
1.3000000000000	-286202.75000000
1.4000000000000	-308346.68750000
1.5000000000000	-330508.75000000
1.6000000000000	-352688.81250000
1.7000000000000	-374887.06250000
1.8000000000000	-397090.90625000
1.9000000000000	-419332.90625000
2.0000000000000	-441632.56250000
2.1000000000000	-463990.06250000
2.2000000000000	-486405.43750000
2.3000000000000	-508878.50000000
2.4000000000000	-531409.25000000
2.5000000000000	-553997.81250000
2.6000000000000	-576644.18750000
2.7000000000000	-599348.25000000
2.8000000000000	-622110.12500000
2.9000000000000	-644929.62500000
3.0000000000000	-667807.06250000
3.1000000000000	-690742.31250000
3.2000000000000	-713735.12500000
3.3000000000000	-736785.87500000
3.4000000000000	-759894.31250000
3.5000000000000	-783060.56250000
3.6000000000000	-806299.06250000
3.7000000000000	-829618.50000000
3.8000000000000	-853020.50000000
3.9000000000000	-876505.25000000
4.0000000000000	-900072.43750000
4.1000000000000	-923722.43750000
4.2000000000000	-947454.87500000
4.3000000000000	-971270.18750000
4.4000000000000	-995168.00000000
4.5000000000000	-1019148.3750000
4.6000000000000	-1043211.3750000
4.7000000000000	-1067356.7500000
4.8000000000000	-1091585.2500000
4.9000000000000	-1115896.0000000
5.0000000000000	-1140290.0000000
5.1000000000000	-1164765.8750000
5.2000000000000	-1189324.6250000
5.3000000000000	-1213966.1250000
5.4000000000000	-1238706.1250000
5.5000000000000	-1263569.5000000
5.6000000000000	-1288537.6250000
5.7000000000000	-1313610.2500000
5.8000000000000	-1338788.0000000
5.9000000000000	-1364070.1250000
6.0000000000000	-1389457.3750000
6.1000000000000	-1414948.8750000
6.2000000000000	-1440545.3750000
6.3000000000000	-1466246.7500000
6.4000000000000	-1492052.5000000
6.5000000000000	-1517956.7500000
6.6000000000000	-1543966.7500000
6.7000000000000	-1570085.0000000
6.8000000000000	-1596312.0000000
6.9000000000000	-1622647.5000000
7.0000000000000	-1649091.5000000
7.1000000000000	-1675641.1250000
7.2000000000000	-1702297.7500000
7.3000000000000	-1729064.6250000
7.4000000000000	-1755941.0000000
7.5000000000000	-1782926.7500000
7.6000000000000	-1810022.7500000
7.7000000000000	-1837228.7500000
7.8000000000000	-1864544.3750000
7.9000000000000	-1891969.7500000
8.0000000000000	-1919504.8750000
8.1000000000000	-1947150.1250000
8.2000000000000	-1974912.5000000
8.3000000000000	-2002780.2500000
8.4000000000000	-2030751.0000000
8.5000000000000	-2058827.2500000
8.6000000000000	-2087007.0000000
8.7000000000000	-2115291.0000000
8.8000000000000	-2143679.0000000
8.9000000000000	-2172171.5000000
9.0000000000000	-2200768.7500000
9.1000000000000	-2229469.7500000
9.2000000000000	-2258275.2500000
9.3000000000000	-2287180.0000000
9.4000000000000	-2316176.2500000
9.5000000000000	-2345276.2500000
9.6000000000000	-2374480.2500000
9.7000000000000	-2403788.0000000
9.8000000000000	-2433200.0000000
9.9000000000000	-2462715.0000000
10.000000000000	-2492334.2500000
10.100000000000	-2522053.7500000
10.200000000000	-2551850.7500000
10.300000000000	-2581722.7500000
10.400000000000	-2611671.5000000
10.500000000000	-2641696.2500000
10.600000000000	-2671798.2500000
10.700000000000	-2701977.2500000
10.800000000000	-2732243.2500000
10.900000000000	-2762582.0000000
11.000000000000	-2792992.5000000
11.100000000000	-2823475.0000000
11.200000000000	-2854028.7500000
11.300000000000	-2884655.0000000
11.400000000000	-2915353.0000000
11.500000000000	-2946123.0000000
11.600000000000	-2976964.7500000
11.700000000000	-3007878.5000000
11.800000000000	-3038864.0000000
11.900000000000	-3069921.5000000
12.000000000000	-3101050.7500000
12.100000000000	-3132208.7500000
12.200000000000	-3163397.0000000
12.300000000000	-3194614.7500000
12.400000000000	-3225863.2500000
12.500000000000	-3257142.2500000
12.600000000000	-3288451.5000000
12.700000000000	-3319791.0000000
12.800000000000	-3351160.7500000
12.900000000000	-3382560.5000000
13.000000000000	-3413991.0000000
13.100000000000	-3445434.0000000
13.200000000000	-3476890.7500000
13.300000000000	-3508361.0000000
13.400000000000	-3539844.2500000
13.500000000000	-3571340.0000000
13.600000000000	-3602850.0000000
13.700000000000	-3634373.2500000
13.800000000000	-3665909.0000000
13.900000000000	-3697457.7500000
14.000000000000	-3729020.7500000
14.100000000000	-3760615.5000000
14.200000000000	-3792174.0000000
14.300000000000	-3823690.7500000
14.400000000000	-3855165.2500000
14.500000000000	-3886598.2500000
14.600000000000	-3917989.7500000
14.700000000000	-3949339.0000000
14.800000000000	-3980645.7500000
14.900000000000	-4011911.5000000
15.000000000000	-4043134.7500000
15.100000000000	-4074317.0000000
15.200000000000	-4105456.2500000
15.300000000000	-4136548.7500000
15.400000000000	-4167553.7500000
15.500000000000	-4198510.5000000
15.600000000000	-4229417.0000000
15.700000000000	-4260275.5000000
15.800000000000	-4291085.5000000
15.900000000000	-4321844.5000000
16.000000000000	-4352555.5000000
16.100000000000	-4383235.5000000
16.200000000000	-4413814.0000000
16.300000000000	-4444275.0000000
16.400000000000	-4474620.5000000
16.500000000000	-4504850.5000000
16.600000000000	-4534964.5000000
16.700000000000	-4564962.5000000
16.800000000000	-4594844.0000000
16.900000000000	-4624610.5000000
17.000000000000	-4654260.5000000
17.100000000000	-4683800.0000000
17.200000000000	-4713229.5000000
17.300000000000	-4742550.0000000
17.400000000000	-4771763.0000000
17.500000000000	-4800867.0000000
17.600000000000	-4829862.0000000
17.700000000000	-4858748.5000000
17.800000000000	-4887526.5000000
17.900000000000	-4916196.0000000
18.000000000000	-4944756.5000000
18.100000000000	-4973162.0000000
18.200000000000	-5001397.5000000
18.300000000000	-5029464.5000000
18.400000000000	-5057362.0000000
18.500000000000	-5085090.5000000
18.600000000000	-5112651.0000000
18.700000000000	-5140041.0000000
18.800000000000	-5167262.5000000
18.900000000000	-5194315.0000000
19.000000000000	-5221204.5000000
19.100000000000	-5247937.0000000
19.200000000000	-5274504.0000000
19.300000000000	-5300903.5000000
19.400000000000	-5327136.5000000
19.500000000000	-5353204.0000000
19.600000000000	-5379106.0000000
19.700000000000	-5404841.0000000
19.800000000000	-5430409.5000000
19.900000000000	-5455812.5000000
20.000000000000	-5480887.0000000
20.100000000000	-5506086.0000000
20.200000000000	-5530918.5000000
20.300000000000	-5555547.0000000
20.400000000000	-5579969.0000000
20.500000000000	-5604188.0000000
20.600000000000	-5628204.0000000
20.700000000000	-5652012.0000000
20.800000000000	-5675617.5000000
20.900000000000	-5699015.5000000
21.000000000000	-5722212.5000000
21.100000000000	-5745204.5000000
21.200000000000	-5767998.0000000
21.300000000000	-5790590.0000000
21.400000000000	-5812980.0000000
21.500000000000	-5835168.0000000
21.600000000000	-5857154.0000000
21.700000000000	-5878939.0000000
21.800000000000	-5900522.0000000
21.900000000000	-5921903.5000000
22.000000000000	-5943081.0000000
22.100000000000	-5964025.0000000
22.200000000000	-5984749.5000000
22.300000000000	-6005255.0000000
22.400000000000	-6025542.0000000
22.500000000000	-6045609.5000000
22.600000000000	-6065458.5000000
22.700000000000	-6085088.5000000
22.800000000000	-6104512.5000000
22.900000000000	-6123720.5000000
23.000000000000	-6142708.5000000
23.100000000000	-6161476.5000000
23.200000000000	-6180025.0000000
23.300000000000	-6198353.0000000
23.400000000000	-6216462.0000000
23.500000000000	-6234351.0000000
23.600000000000	-6252020.0000000
23.700000000000	-6269469.5000000
23.800000000000	-6286698.5000000
23.900000000000	-6303709.5000000
24.000000000000	-6320499.5000000
24.100000000000	-6337060.5000000
24.200000000000	-6353400.5000000
24.300000000000	-6369520.5000000
24.400000000000	-6385422.0000000
24.500000000000	-6401101.5000000
24.600000000000	-6416561.5000000
24.700000000000	-6431802.0000000
24.800000000000	-6446821.5000000
24.900000000000	-6461622.5000000
25.000000000000	-6476202.5000000
25.100000000000	-6490562.0000000
25.200000000000	-6504702.0000000
25.300000000000	-6518622.5000000
25.400000000000	-6532325.0000000
25.500000000000	-6545806.5000000
25.600000000000	-6559066.0000000
25.700000000000	-6572107.0000000
25.800000000000	-6584925.5000000
25.900000000000	-6597524.0000000
26.000000000000	-6609901.5000000
26.100000000000	-6622060.0000000
26.200000000000	-6634006.0000000
26.300000000000	-6645737.5000000
26.400000000000	-6657255.5000000
26.500000000000	-6668561.0000000
26.600000000000	-6679653.5000000
26.700000000000	-6690531.0000000
26.800000000000	-6701197.0000000
26.900000000000	-6711648.5000000
27.000000000000	-6721888.0000000
27.100000000000	-6731912.0000000
27.200000000000	-6741724.0000000
27.300000000000	-6751322.5000000
27.400000000000	-6760707.0000000
27.500000000000	-6769878.5000000
27.600000000000	-6778837.5000000
27.700000000000	-6787583.0000000
27.800000000000	-6796115.0000000
27.900000000000	-6804432.5000000
28.000000000000	-6812540.0000000
28.100000000000	-6820444.0000000
28.200000000000	-6828143.5000000
28.300000000000	-6835637.0000000
28.400000000000	-6842926.5000000
28.500000000000	-6850011.0000000
28.600000000000	-6856889.0000000
28.700000000000	-6863562.0000000
28.800000000000	-6870028.0000000
28.900000000000	-6876285.0000000
29.000000000000	-6882339.0000000
29.100000000000	-6888188.0000000
29.200000000000	-6893832.5000000
29.300000000000	-6899272.0000000
29.400000000000	-6904508.0000000
29.500000000000	-6909538.0000000
29.600000000000	-6914366.0000000
29.700000000000	-6918986.0000000
29.800000000000	-6923404.0000000
29.900000000000	-6927616.5000000
30.000000000000	-6931626.5000000
30.100000000000	-6935438.0000000
30.200000000000	-6939051.5000000
30.300000000000	-6942466.0000000
30.400000000000	-6945679.0000000
30.500000000000	-6948693.5000000
30.600000000000	-6951510.5000000
30.700000000000	-6954126.0000000
30.800000000000	-6956543.0000000
30.900000000000	-6958758.0000000
31.000000000000	-6960776.0000000
31.100000000000	-6962593.5000000
31.200000000000	-6964211.5000000
31.300000000000	-6965630.5000000
31.400000000000	-6966847.0000000
31.500000000000	-6967864.5000000
31.600000000000	-6968682.5000000
31.700000000000	-6969302.5000000
31.800000000000	-6969724.5000000
31.900000000000	-6969945.0000000
32.000000000000	-6969968.5000000
32.100000000000	-6969801.5000000
32.200000000000	-6969436.0000000
32.300000000000	-6968869.0000000
32.400000000000	-6968103.0000000
32.500000000000	-6967138.0000000
32.600000000000	-6965974.0000000
32.700000000000	-6964609.0000000
32.800000000000	-6963045.0000000
32.900000000000	-6961281.0000000
33.000000000000	-6959315.5000000
33.100000000000	-6957151.0000000
33.200000000000	-6954787.0000000
33.300000000000	-6952225.0000000
33.400000000000	-6949463.5000000
33.500000000000	-6946504.0000000
33.600000000000	-6943345.0000000
33.700000000000	-6939986.5000000
33.800000000000	-6936429.0000000
33.900000000000	-6932673.5000000
34.000000000000	-6928719.5000000
34.100000000000	-6924570.5000000
34.200000000000	-6920216.5000000
34.300000000000	-6915658.0000000
34.400000000000	-6910895.0000000
34.500000000000	-6905927.5000000
34.600000000000	-6900755.0000000
34.700000000000	-6895377.5000000
34.800000000000	-6889795.0000000
34.900000000000	-6884010.0000000
35.000000000000	-6878018.0000000
35.100000000000	-6871824.0000000
35.200000000000	-6865423.5000000
35.300000000000	-6858821.5000000
35.400000000000	-6852015.5000000
35.500000000000	-6845004.0000000
35.600000000000	-6837791.0000000
35.700000000000	-6830374.0000000
35.800000000000	-6822753.5000000
35.900000000000	-6814929.0000000
36.000000000000	-6806900.5000000
36.100000000000	-6798657.5000000
36.200000000000	-6790203.0000000
36.300000000000	-6781538.5000000
36.400000000000	-6772662.5000000
36.500000000000	-6763576.0000000
36.600000000000	-6754279.5000000
36.700000000000	-6744771.5000000
36.800000000000	-6735061.0000000
36.900000000000	-6725139.0000000
37.000000000000	-6715005.0000000
37.100000000000	-6704662.5000000
37.200000000000	-6694105.5000000
37.300000000000	-6683338.5000000
37.400000000000	-6672360.0000000
37.500000000000	-6661169.0000000
37.600000000000	-6649769.0000000
37.700000000000	-6638155.5000000
37.800000000000	-6626331.5000000
37.900000000000	-6614296.0000000
38.000000000000	-6602047.0000000
38.100000000000	-6589581.5000000
38.200000000000	-6576898.5000000
38.300000000000	-6564003.0000000
38.400000000000	-6550890.5000000
38.500000000000	-6537564.5000000
38.600000000000	-6524023.5000000
38.700000000000	-6510266.5000000
38.800000000000	-6496295.5000000
38.900000000000	-6482109.5000000
39.000000000000	-6467708.5000000
39.100000000000	-6453094.5000000
39.200000000000	-6438263.0000000
39.300000000000	-6423219.0000000
39.400000000000	-6407962.0000000
39.500000000000	-6392490.5000000
39.600000000000	-6376803.5000000
39.700000000000	-6360899.5000000
39.800000000000	-6344781.0000000
39.900000000000	-6328445.5000000
40.000000000000	-6311894.5000000
40.100000000000	-6295133.5000000
40.200000000000	-6278161.0000000
40.300000000000	-6260977.5000000
40.400000000000	-6243584.5000000
40.500000000000	-6225982.5000000
40.600000000000	-6208169.0000000
40.700000000000	-6190146.0000000
40.800000000000	-6171913.0000000
40.900000000000	-6153471.0000000
41.000000000000	-6134822.5000000
41.100000000000	-6115965.5000000
41.200000000000	-6096901.5000000
41.300000000000	-6077629.0000000
41.400000000000	-6058148.5000000
41.500000000000	-6038460.5000000
41.600000000000	-6018564.5000000
41.700000000000	-5998460.0000000
41.800000000000	-5978148.0000000
41.900000000000	-5957628.5000000
42.000000000000	-5936902.5000000
42.100000000000	-5915989.0000000
42.200000000000	-5894883.5000000
42.300000000000	-5873588.5000000
42.400000000000	-5852103.0000000
42.500000000000	-5830427.0000000
42.600000000000	-5808562.0000000
42.700000000000	-5786504.0000000
42.800000000000	-5764257.0000000
42.900000000000	-5741818.0000000
43.000000000000	-5719193.5000000
43.100000000000	-5696385.5000000
43.200000000000	-5673398.0000000
43.300000000000	-5650232.0000000
43.400000000000	-5626886.0000000
43.500000000000	-5603360.0000000
43.600000000000	-5579654.5000000
43.700000000000	-5555769.5000000
43.800000000000	-5531704.5000000
43.900000000000	-5507460.5000000
44.000000000000	-5483038.0000000
44.100000000000	-5458458.5000000
44.200000000000	-5433728.0000000
44.300000000000	-5408849.0000000
44.400000000000	-5383821.0000000
44.500000000000	-5358643.5000000
44.600000000000	-5333318.0000000
44.700000000000	-5307842.0000000
44.800000000000	-5282217.5000000
44.900000000000	-5256443.0000000
45.000000000000	-5230520.0000000
45.100000000000	-5204452.5000000
45.200000000000	-5178253.0000000
45.300000000000	-5151923.0000000
45.400000000000	-5125462.0000000
45.500000000000	-5098872.0000000
45.600000000000	-5072150.0000000
45.700000000000	-5045296.5000000
45.800000000000	-5018313.5000000
45.900000000000	-4991198.5000000
46.000000000000	-4963953.5000000
46.100000000000	-4936576.0000000
46.200000000000	-4909110.5000000
46.300000000000	-4881558.0000000
46.400000000000	-4853917.0000000
46.500000000000	-4826191.0000000
46.600000000000	-4798376.5000000
46.700000000000	-4770474.5000000
46.800000000000	-4742486.0000000
46.900000000000	-4714409.5000000
47.000000000000	-4686245.5000000
47.100000000000	-4658000.5000000
47.200000000000	-4629687.0000000
47.300000000000	-4601308.0000000
47.400000000000	-4572863.0000000
47.500000000000	-4544352.5000000
47.600000000000	-4515777.5000000
47.700000000000	-4487133.5000000
47.800000000000	-4458426.0000000
47.900000000000	-4429650.0000000
48.000000000000	-4400810.0000000
48.100000000000	-4371904.0000000
48.200000000000	-4342972.5000000
48.300000000000	-4314025.5000000
48.400000000000	-4285062.5000000
48.500000000000	-4256083.5000000
48.600000000000	-4227090.0000000
48.700000000000	-4198079.0000000
48.800000000000	-4169053.5000000
48.900000000000	-4140011.2500000
49.000000000000	-4110954.0000000
49.100000000000	-4081890.2500000
49.200000000000	-4052834.2500000
49.300000000000	-4023782.7500000
49.400000000000	-3994735.2500000
49.500000000000	-3965691.7500000
49.600000000000	-3936653.5000000
49.700000000000	-3907616.2500000
49.800000000000	-3878584.7500000
49.900000000000	-3849557.5000000
50.000000000000	-3820533.7500000
50.100000000000	-3791489.5000000
50.200000000000	-3762490.7500000
50.300000000000	-3733551.7500000
50.400000000000	-3704670.0000000
50.500000000000	-3675849.0000000
50.600000000000	-3647087.0000000
50.700000000000	-3618383.0000000
50.800000000000	-3589738.2500000
50.900000000000	-3561153.2500000
51.000000000000	-3532626.7500000
51.100000000000	-3504159.7500000
51.200000000000	-3475750.7500000
51.300000000000	-3447408.0000000
51.400000000000	-3419159.2500000
51.500000000000	-3390975.0000000
51.600000000000	-3362856.2500000
51.700000000000	-3334799.5000000
51.800000000000	-3306808.7500000
51.900000000000	-3278881.2500000
52.000000000000	-3251019.2500000
52.100000000000	-3223204.5000000
52.200000000000	-3195496.2500000
52.300000000000	-3167906.2500000
52.400000000000	-3140432.2500000
52.500000000000	-3113075.5000000
52.600000000000	-3085834.7500000
52.700000000000	-3058710.5000000
52.800000000000	-3031704.0000000
52.900000000000	-3004813.2500000
53.000000000000	-2978040.7500000
53.100000000000	-2951380.0000000
53.200000000000	-2924829.2500000
53.300000000000	-2898391.0000000
53.400000000000	-2872063.0000000
53.500000000000	-2845847.2500000
53.600000000000	-2819742.5000000
53.700000000000	-2793748.5000000
53.800000000000	-2767866.7500000
53.900000000000	-2742095.2500000
54.000000000000	-2716445.2500000
54.100000000000	-2690962.0000000
54.200000000000	-2665623.0000000
54.300000000000	-2640431.0000000
54.400000000000	-2615384.2500000
54.500000000000	-2590484.0000000
54.600000000000	-2565729.7500000
54.700000000000	-2541118.7500000
54.800000000000	-2516626.7500000
54.900000000000	-2492281.2500000
55.000000000000	-2468085.0000000
55.100000000000	-2444036.0000000
55.200000000000	-2420133.5000000
55.300000000000	-2396380.2500000
55.400000000000	-2372773.5000000
55.500000000000	-2349315.5000000
55.600000000000	-2326004.7500000
55.700000000000	-2302841.2500000
55.800000000000	-2279825.7500000
55.900000000000	-2256957.2500000
56.000000000000	-2234240.2500000
56.100000000000	-2211693.2500000
56.200000000000	-2189305.5000000
56.300000000000	-2167077.2500000
56.400000000000	-2145008.5000000
56.500000000000	-2123099.0000000
56.600000000000	-2101349.7500000
56.700000000000	-2079758.8750000
56.800000000000	-2058328.1250000
56.900000000000	-2037055.7500000
57.000000000000	-2015940.3750000
57.100000000000	-1994980.2500000
57.200000000000	-1974179.5000000
57.300000000000	-1953540.0000000
57.400000000000	-1933060.0000000
57.500000000000	-1912741.1250000
57.600000000000	-1892582.5000000
57.700000000000	-1872583.6250000
57.800000000000	-1852746.0000000
57.900000000000	-1833067.5000000
58.000000000000	-1813550.5000000
58.100000000000	-1794195.6250000
58.200000000000	-1774998.6250000
58.300000000000	-1755961.7500000
58.400000000000	-1737083.2500000
58.500000000000	-1718364.0000000
58.600000000000	-1699804.0000000
58.700000000000	-1681402.2500000
58.800000000000	-1663160.3750000
58.900000000000	-1645076.7500000
59.000000000000	-1627152.6250000
59.100000000000	-1609381.5000000
59.200000000000	-1591765.3750000
59.300000000000	-1574305.6250000
59.400000000000	-1557001.7500000
59.500000000000	-1539854.2500000
59.600000000000	-1522863.5000000
59.700000000000	-1506027.5000000
59.800000000000	-1489348.5000000
59.900000000000	-1472824.7500000
60.000000000000	-1456457.3750000
60.100000000000	-1440247.3750000
60.200000000000	-1424184.0000000
60.300000000000	-1408268.5000000
60.400000000000	-1392499.6250000
60.500000000000	-1376878.2500000
60.600000000000	-1361404.2500000
60.700000000000	-1346076.5000000
60.800000000000	-1330896.2500000
60.900000000000	-1315862.8750000
61.000000000000	-1300976.7500000
61.100000000000	-1286232.5000000
61.200000000000	-1271628.2500000
61.300000000000	-1257167.3750000
61.400000000000	-1242848.3750000
61.500000000000	-1228673.0000000
61.600000000000	-1214640.2500000
61.700000000000	-1200750.0000000
61.800000000000	-1187002.8750000
61.900000000000	-1173398.1250000
62.000000000000	-1159936.5000000
62.100000000000	-1146626.5000000
62.200000000000	-1133443.5000000
62.300000000000	-1120389.0000000
62.400000000000	-1107461.6250000
62.500000000000	-1094662.5000000
62.600000000000	-1081991.1250000
62.700000000000	-1069447.2500000
62.800000000000	-1057031.3750000
62.900000000000	-1044742.7500000
63.000000000000	-1032582.4375000
63.100000000000	-1020549.8750000
63.200000000000	-1008644.7500000
63.300000000000	-996867.62500000
63.400000000000	-985208.87500000
63.500000000000	-973670.06250000
63.600000000000	-962257.37500000
63.700000000000	-950970.75000000
63.800000000000	-939810.81250000
63.900000000000	-928776.81250000
64.000000000000	-917869.81250000
64.100000000000	-907084.12500000
64.200000000000	-896406.81250000
64.300000000000	-885837.43750000
64.400000000000	-875377.43750000
64.500000000000	-865026.00000000
64.600000000000	-854783.12500000
64.700000000000	-844654.62500000
64.800000000000	-834637.75000000
64.900000000000	-824729.06250000
65.000000000000	-814927.75000000
65.100000000000	-805233.62500000
65.200000000000	-795647.18750000
65.300000000000	-786167.06250000
65.400000000000	-776795.31250000
65.500000000000	-767530.75000000
65.600000000000	-758373.62500000
65.700000000000	-749323.87500000
65.800000000000	-740380.87500000
65.900000000000	-731545.87500000
66.000000000000	-722816.43750000
66.100000000000	-714175.06250000
66.200000000000	-705625.12500000
66.300000000000	-697165.87500000
66.400000000000	-688798.75000000
66.500000000000	-680523.00000000
66.600000000000	-672338.56250000
66.700000000000	-664245.56250000
66.800000000000	-656243.50000000
66.900000000000	-648333.12500000
67.000000000000	-640513.93750000
67.100000000000	-632781.68750000
67.200000000000	-625136.62500000
67.300000000000	-617578.18750000
67.400000000000	-610107.25000000
67.500000000000	-602723.62500000
67.600000000000	-595427.00000000
67.700000000000	-588217.50000000
67.800000000000	-581094.62500000
67.900000000000	-574059.31250000
68.000000000000	-567111.56250000
68.100000000000	-560255.75000000
68.200000000000	-553472.93750000
68.300000000000	-546762.75000000
68.400000000000	-540125.93750000
68.500000000000	-533562.31250000
68.600000000000	-527071.62500000
68.700000000000	-520653.78125000
68.800000000000	-514308.62500000
68.900000000000	-508036.93750000
69.000000000000	-501838.25000000
69.100000000000	-495712.59375000
69.200000000000	-489659.90625000
69.300000000000	-483679.75000000
69.400000000000	-477765.37500000
69.500000000000	-471922.53125000
69.600000000000	-466151.53125000
69.700000000000	-460452.28125000
69.800000000000	-454824.50000000
69.900000000000	-449268.90625000
70.000000000000	-443785.21875000
70.100000000000	-438369.81250000
70.200000000000	-433012.75000000
70.300000000000	-427713.28125000
70.400000000000	-422471.96875000
70.500000000000	-417288.56250000
70.600000000000	-412163.03125000
70.700000000000	-407095.31250000
70.800000000000	-402085.21875000
70.900000000000	-397133.37500000
71.000000000000	-392242.43750000
71.100000000000	-387411.87500000
71.200000000000	-382640.03125000
71.300000000000	-377926.87500000
71.400000000000	-373273.00000000
71.500000000000	-368678.00000000
71.600000000000	-364142.00000000
71.700000000000	-359664.90625000
71.800000000000	-355246.43750000
71.900000000000	-350887.18750000
72.000000000000	-346593.59375000
72.100000000000	-342333.96875000
72.200000000000	-338127.06250000
72.300000000000	-333965.68750000
72.400000000000	-329850.50000000
72.500000000000	-325781.25000000
72.600000000000	-321758.03125000
72.700000000000	-317780.53125000
72.800000000000	-313848.84375000
72.900000000000	-309963.21875000
73.000000000000	-306123.53125000
73.100000000000	-302329.87500000
73.200000000000	-298582.90625000
73.300000000000	-294882.50000000
73.400000000000	-291229.28125000
73.500000000000	-287622.90625000
73.600000000000	-284063.43750000
73.700000000000	-280550.75000000
73.800000000000	-277084.71875000
73.900000000000	-273665.81250000
74.000000000000	-270292.31250000
74.100000000000	-266951.37500000
74.200000000000	-263647.59375000
74.300000000000	-260380.67187500
74.400000000000	-257151.12500000
74.500000000000	-253958.70312500
74.600000000000	-250803.45312500
74.700000000000	-247686.60937500
74.800000000000	-244613.43750000
74.900000000000	-241576.87500000
75.000000000000	-238576.60937500
75.100000000000	-235612.68750000
75.200000000000	-232685.10937500
75.300000000000	-229793.65625000
75.400000000000	-226938.75000000
75.500000000000	-224120.20312500
75.600000000000	-221337.92187500
75.700000000000	-218592.07812500
75.800000000000	-215882.31250000
75.900000000000	-213209.12500000
76.000000000000	-210572.26562500
76.100000000000	-207961.29687500
76.200000000000	-205379.60937500
76.300000000000	-202827.45312500
76.400000000000	-200305.26562500
76.500000000000	-197812.75000000
76.600000000000	-195349.95312500
76.700000000000	-192916.84375000
76.800000000000	-190513.29687500
76.900000000000	-188139.71875000
77.000000000000	-185795.78125000
77.100000000000	-183480.87500000
77.200000000000	-181194.00000000
77.300000000000	-178934.87500000
77.400000000000	-176703.95312500
77.500000000000	-174500.98437500
77.600000000000	-172326.00000000
77.700000000000	-170178.98437500
77.800000000000	-168059.81250000
77.900000000000	-165968.75000000
78.000000000000	-163905.68750000
78.100000000000	-161870.90625000
78.200000000000	-159859.21875000
78.300000000000	-157870.21875000
78.400000000000	-155904.25000000
78.500000000000	-153961.15625000
78.600000000000	-152040.95312500
78.700000000000	-150143.59375000
78.800000000000	-148268.96875000
78.900000000000	-146417.35937500
79.000000000000	-144588.62500000
79.100000000000	-142782.76562500
79.200000000000	-140999.78125000
79.300000000000	-139239.51562500
79.400000000000	-137498.70312500
79.500000000000	-135779.75000000
79.600000000000	-134083.25000000
79.700000000000	-132409.09375000
79.800000000000	-130757.25781250
79.900000000000	-129127.90625000
80.000000000000	-127520.96093750
80.100000000000	-125936.41406250
80.200000000000	-124369.65625000
80.300000000000	-122820.15625000
80.400000000000	-121288.16406250
80.500000000000	-119773.55468750
80.600000000000	-118276.33593750
80.700000000000	-116796.46875000
80.800000000000	-115333.88281250
80.900000000000	-113888.80468750
81.000000000000	-112461.42187500
81.100000000000	-111052.13281250
81.200000000000	-109660.73437500
81.300000000000	-108287.13281250
81.400000000000	-106931.51562500
81.500000000000	-105593.81250000
81.600000000000	-104274.00000000
81.700000000000	-102972.07812500
81.800000000000	-101687.96093750
81.900000000000	-100421.82031250
82.000000000000	-99173.570312500
82.100000000000	-97940.101562500
82.200000000000	-96720.210937500
82.300000000000	-95513.843750000
82.400000000000	-94321.218750000
82.500000000000	-93142.203125000
82.600000000000	-91976.820312500
82.700000000000	-90825.039062500
82.800000000000	-89686.812500000
82.900000000000	-88562.265625000
83.000000000000	-87451.367187500
83.100000000000	-86354.398437500
83.200000000000	-85271.351562500
83.300000000000	-84202.093750000
83.400000000000	-83146.812500000
83.500000000000	-82105.398437500
83.600000000000	-81077.882812500
83.700000000000	-80064.234375000
83.800000000000	-79064.382812500
83.900000000000	-78078.492187500
84.000000000000	-77106.515625000
84.100000000000	-76146.304687500
84.200000000000	-75196.742187500
84.300000000000	-74257.726562500
84.400000000000	-73329.406250000
84.500000000000	-72411.703125000
84.600000000000	-71504.609375000
84.700000000000	-70608.148437500
84.800000000000	-69722.242187500
84.900000000000	-68847.007812500
85.000000000000	-67982.453125000
85.100000000000	-67129.218750000
85.200000000000	-66286.750000000
85.300000000000	-65455.015625000
85.400000000000	-64634.160156250
85.500000000000	-63824.074218750
85.600000000000	-63024.792968750
85.700000000000	-62236.324218750
85.800000000000	-61458.562500000
85.900000000000	-60691.671875000
86.000000000000	-59935.562500000
86.100000000000	-59188.871093750
86.200000000000	-58450.417968750
86.300000000000	-57720.167968750
86.400000000000	-56998.238281250
86.500000000000	-56284.585937500
86.600000000000	-55579.175781250
86.700000000000	-54882.027343750
86.800000000000	-54193.078125000
86.900000000000	-53512.445312500
87.000000000000	-52840.089843750
87.100000000000	-52176.179687500
87.200000000000	-51520.820312500
87.300000000000	-50873.910156250
87.400000000000	-50235.519531250
87.500000000000	-49605.625000000
87.600000000000	-48984.218750000
87.700000000000	-48371.304687500
87.800000000000	-47766.824218750
87.900000000000	-47170.886718750
88.000000000000	-46583.058593750
88.100000000000	-46001.042968750
88.200000000000	-45425.601562500
88.300000000000	-44856.679687500
88.400000000000	-44294.367187500
88.500000000000	-43738.609375000
88.600000000000	-43189.421875000
88.700000000000	-42646.789062500
88.800000000000	-42112.265625000
88.900000000000	-41584.250000000
89.000000000000	-41062.652343750
89.100000000000	-40547.488281250
89.200000000000	-40038.746093750
89.300000000000	-39536.382812500
89.400000000000	-39040.492187500
89.500000000000	-38551.023437500
89.600000000000	-38067.976562500
89.700000000000	-37591.359375000
89.800000000000	-37121.117187500
89.900000000000	-36657.359375000
90.000000000000	-36200.007812500
90.100000000000	-35747.500000000
90.200000000000	-35300.187500000
90.300000000000	-34858.062500000
90.400000000000	-34421.199218750
90.500000000000	-33989.558593750
90.600000000000	-33563.140625000
90.700000000000	-33141.949218750
90.800000000000	-32725.953125000
90.900000000000	-32315.218750000
91.000000000000	-31909.824218750
91.100000000000	-31509.679687500
91.200000000000	-31114.416015625
91.300000000000	-30724.007812500
91.400000000000	-30338.523437500
91.500000000000	-29957.925781250
91.600000000000	-29582.210937500
91.700000000000	-29211.384765625
91.800000000000	-28845.419921875
91.900000000000	-28484.371093750
92.000000000000	-28128.212890625
92.100000000000	-27776.554687500
92.200000000000	-27428.960937500
92.300000000000	-27085.406250000
92.400000000000	-26745.943359375
92.500000000000	-26410.542968750
92.600000000000	-26079.218750000
92.700000000000	-25751.947265625
92.800000000000	-25428.726562500
92.900000000000	-25109.589843750
93.000000000000	-24794.527343750
93.100000000000	-24483.515625000
93.200000000000	-24176.365234375
93.300000000000	-23872.990234375
93.400000000000	-23573.441406250
93.500000000000	-23277.697265625
93.600000000000	-22985.744140625
93.700000000000	-22697.603515625
93.800000000000	-22413.236328125
93.900000000000	-22132.691406250
94.000000000000	-21855.947265625
94.100000000000	-21583.019531250
94.200000000000	-21313.269531250
94.300000000000	-21046.591796875
94.400000000000	-20783.019531250
94.500000000000	-20522.537109375
94.600000000000	-20265.142578125
94.700000000000	-20010.839843750
94.800000000000	-19759.597656250
94.900000000000	-19511.472656250
95.000000000000	-19266.437500000
95.100000000000	-19024.486328125
95.200000000000	-18785.621093750
95.300000000000	-18549.794921875
95.400000000000	-18316.626953125
95.500000000000	-18086.486328125
95.600000000000	-17859.371093750
95.700000000000	-17635.281250000
95.800000000000	-17414.199218750
95.900000000000	-17196.166015625
96.000000000000	-16981.156250000
96.100000000000	-16769.191406250
96.200000000000	-16559.671875000
96.300000000000	-16352.491210938
96.400000000000	-16147.682617188
96.500000000000	-15945.229492188
96.600000000000	-15745.131835938
96.700000000000	-15547.393554688
96.800000000000	-15351.995117188
96.900000000000	-15158.964843750
97.000000000000	-14968.302734375
97.100000000000	-14780.065429688
97.200000000000	-14594.241210938
97.300000000000	-14410.814453125
97.400000000000	-14229.817382813
97.500000000000	-14051.227539063
97.600000000000	-13875.049804688
97.700000000000	-13701.284179688
97.800000000000	-13529.916015625
97.900000000000	-13360.972656250
98.000000000000	-13194.441406250
98.100000000000	-13029.720703125
98.200000000000	-12866.833984375
98.300000000000	-12705.765625000
98.400000000000	-12546.545898438
98.500000000000	-12389.156250000
98.600000000000	-12233.597656250
98.700000000000	-12079.874023438
98.800000000000	-11927.970703125
98.900000000000	-11777.911132813
99.000000000000	-11629.683593750
99.100000000000	-11483.377929688
99.200000000000	-11338.966796875
99.300000000000	-11196.416992188
99.400000000000	-11055.761718750
99.500000000000	-10916.984375000
99.600000000000	-10780.083984375
99.700000000000	-10645.066406250
99.800000000000	-10511.914062500
99.900000000000	-10380.651367188
100.00000000000	-10251.139648438
100.10000000000	-10122.905273438
100.20000000000	-9996.1269531250
100.30000000000	-9870.7939453125
100.40000000000	-9746.9287109375
100.50000000000	-9624.5185546875
100.60000000000	-9503.5673828125
100.70000000000	-9384.0712890625
100.80000000000	-9266.3095703125
100.90000000000	-9149.9970703125
101.00000000000	-9035.1074218750
101.10000000000	-8921.6406250000
101.20000000000	-8809.5976562500
101.30000000000	-8698.9667968750
101.40000000000	-8589.7675781250
101.50000000000	-8481.9902343750
101.60000000000	-8375.6337890625
101.70000000000	-8270.7021484375
101.80000000000	-8167.1826171875
101.90000000000	-8065.0952148438
102.00000000000	-7964.4179687500
102.10000000000	-7864.7597656250
102.20000000000	-7766.2558593750
102.30000000000	-7668.9013671875
102.40000000000	-7572.7094726563
102.50000000000	-7477.6748046875
102.60000000000	-7383.7973632813
102.70000000000	-7291.0761718750
102.80000000000	-7199.5014648438
102.90000000000	-7109.0927734375
103.00000000000	-7019.8701171875
103.10000000000	-6931.8007812500
103.20000000000	-6844.8037109375
103.30000000000	-6758.8754882813
103.40000000000	-6674.0268554688
103.50000000000	-6590.2524414063
103.60000000000	-6507.5517578125
103.70000000000	-6425.9238281250
103.80000000000	-6345.3637695313
103.90000000000	-6265.8847656250
104.00000000000	-6187.4780273438
104.10000000000	-6110.0629882813
104.20000000000	-6033.5444335938
104.30000000000	-5957.9184570313
104.40000000000	-5883.1938476563
104.50000000000	-5809.3657226563
104.60000000000	-5736.4360351563
104.70000000000	-5664.4008789063
104.80000000000	-5593.2592773438
104.90000000000	-5523.0190429688
105.00000000000	-5453.6762695313
105.10000000000	-5385.2285156250
105.20000000000	-5317.6235351563
105.30000000000	-5250.8510742188
105.40000000000	-5184.9160156250
105.50000000000	-5119.8173828125
105.60000000000	-5055.5537109375
105.70000000000	-4992.1254882813
105.80000000000	-4929.5263671875
105.90000000000	-4867.7675781250
106.00000000000	-4806.8442382813
106.10000000000	-4746.8286132813
106.20000000000	-4687.5048828125
106.30000000000	-4628.8540039063
106.40000000000	-4570.8867187500
106.50000000000	-4513.5976562500
106.60000000000	-4456.9868164063
106.70000000000	-4401.0537109375
106.80000000000	-4345.7949218750
106.90000000000	-4291.2192382813
107.00000000000	-4237.3208007813
107.10000000000	-4184.1015625000
107.20000000000	-4131.5595703125
107.30000000000	-4079.6906738281
107.40000000000	-4028.4130859375
107.50000000000	-3977.7998046875
107.60000000000	-3927.8491210938
107.70000000000	-3878.5637207031
107.80000000000	-3829.9362792969
107.90000000000	-3781.9758300781
108.00000000000	-3734.6796875000
108.10000000000	-3688.0842285156
108.20000000000	-3642.0163574219
108.30000000000	-3596.4597167969
108.40000000000	-3551.4216308594
108.50000000000	-3506.8994140625
108.60000000000	-3462.8930664063
108.70000000000	-3419.4016113281
108.80000000000	-3376.4221191406
108.90000000000	-3333.9609375000
109.00000000000	-3292.0161132813
109.10000000000	-3250.5895996094
109.20000000000	-3209.6940917969
109.30000000000	-3169.3278808594
109.40000000000	-3129.4960937500
109.50000000000	-3090.1970214844
109.60000000000	-3051.4287109375
109.70000000000	-3013.1928710938
109.80000000000	-2975.4853515625
109.90000000000	-2938.3132324219
110.00000000000	-2901.6662597656
110.10000000000	-2865.3747558594
110.20000000000	-2829.4938964844
110.30000000000	-2794.0224609375
110.40000000000	-2758.9631347656
110.50000000000	-2724.3164062500
110.60000000000	-2690.0805664063
110.70000000000	-2656.2561035156
110.80000000000	-2622.9260253906
110.90000000000	-2590.0007324219
111.00000000000	-2557.4775390625
111.10000000000	-2525.3562011719
111.20000000000	-2493.6376953125
111.30000000000	-2462.3193359375
111.40000000000	-2431.4055175781
111.50000000000	-2400.8935546875
111.60000000000	-2370.7834472656
111.70000000000	-2341.0759277344
111.80000000000	-2311.7687988281
111.90000000000	-2282.8659667969
112.00000000000	-2254.3652343750
112.10000000000	-2226.1691894531
112.20000000000	-2198.2941894531
112.30000000000	-2170.7431640625
112.40000000000	-2143.5197753906
112.50000000000	-2116.6228027344
112.60000000000	-2090.0517578125
112.70000000000	-2063.8063964844
112.80000000000	-2037.8848876953
112.90000000000	-2012.2916259766
113.00000000000	-1987.0322265625
113.10000000000	-1962.1007080078
113.20000000000	-1937.4753417969
113.30000000000	-1913.1534423828
113.40000000000	-1889.1392822266
113.50000000000	-1865.4306640625
113.60000000000	-1842.0275878906
113.70000000000	-1818.9304199219
113.80000000000	-1796.1370849609
113.90000000000	-1773.6511230469
114.00000000000	-1751.4703369141
114.10000000000	-1729.5650634766
114.20000000000	-1707.9139404297
114.30000000000	-1686.5148925781
114.40000000000	-1665.3723144531
114.50000000000	-1644.4832763672
114.60000000000	-1623.8485107422
114.70000000000	-1603.4686279297
114.80000000000	-1583.3405761719
114.90000000000	-1563.4686279297
115.00000000000	-1543.8503417969
115.10000000000	-1524.4783935547
115.20000000000	-1505.3409423828
115.30000000000	-1486.4389648438
115.40000000000	-1467.7758789063
115.50000000000	-1449.3496093750
115.60000000000	-1431.1608886719
115.70000000000	-1413.2091064453
115.80000000000	-1395.4932861328
115.90000000000	-1378.0159912109
116.00000000000	-1360.7756347656
116.10000000000	-1343.7891845703
116.20000000000	-1326.9973144531
116.30000000000	-1310.3964843750
116.40000000000	-1293.9891357422
116.50000000000	-1277.7742919922
116.60000000000	-1261.7512207031
116.70000000000	-1245.9205322266
116.80000000000	-1230.2806396484
116.90000000000	-1214.8344726563
117.00000000000	-1199.5803222656
117.10000000000	-1184.5181884766
117.20000000000	-1169.6484375000
117.30000000000	-1154.9696044922
117.40000000000	-1140.4681396484
117.50000000000	-1126.1453857422
117.60000000000	-1112.0118408203
117.70000000000	-1098.0675048828
117.80000000000	-1084.3111572266
117.90000000000	-1070.7448730469
118.00000000000	-1057.3680419922
118.10000000000	-1044.1544189453
118.20000000000	-1031.0891113281
118.30000000000	-1018.1721191406
118.40000000000	-1005.4054565430
118.50000000000	-992.78814697266
118.60000000000	-980.32025146484
118.70000000000	-968.01208496094
118.80000000000	-955.86944580078
118.90000000000	-943.87542724609
119.00000000000	-932.02911376953
119.10000000000	-920.33044433594
119.20000000000	-908.77954101563
119.30000000000	-897.37548828125
119.40000000000	-886.11981201172
119.50000000000	-875.01196289063
119.60000000000	-864.05175781250
119.70000000000	-853.23937988281
119.80000000000	-842.57373046875
119.90000000000	-832.05657958984
120.00000000000	-821.68310546875
