#"Z / mm"	"e_Z (Z)"
-100	-1276.1770019531
-99.900000000003	-1297.3908691406
-99.800000000003	-1318.6047363281
-99.700000000003	-1339.8201904297
-99.600000000003	-1361.0340576172
-99.500000000003	-1382.2479248047
-99.400000000003	-1403.4617919922
-99.300000000003	-1424.6756591797
-99.200000000003	-1448.1961669922
-99.100000000003	-1473.0751953125
-99.000000000003	-1497.9543457031
-98.900000000003	-1522.8333740234
-98.800000000003	-1547.7125244141
-98.700000000003	-1572.5935058594
-98.600000000003	-1597.4725341797
-98.500000000003	-1622.3515625
-98.400000000003	-1647.2307128906
-98.300000000003	-1672.1097412109
-98.200000000003	-1699.9157714844
-98.100000000003	-1729.0932617188
-98.000000000003	-1758.2708740234
-97.900000000003	-1787.4483642578
-97.800000000003	-1816.6258544922
-97.700000000003	-1845.8056640625
-97.600000000003	-1874.9831542969
-97.500000000003	-1904.1606445313
-97.400000000003	-1933.3382568359
-97.300000000003	-1962.5157470703
-97.200000000003	-1995.3854980469
-97.100000000003	-2029.6043701172
-97.000000000003	-2063.8229980469
-96.900000000003	-2098.0419921875
-96.800000000003	-2132.2607421875
-96.700000000003	-2166.4819335938
-96.600000000003	-2200.7006835938
-96.500000000003	-2234.9196777344
-96.400000000003	-2269.1384277344
-96.300000000003	-2303.3571777344
-96.200000000003	-2342.2109375
-96.100000000003	-2382.341796875
-96.000000000003	-2422.47265625
-95.900000000003	-2462.603515625
-95.800000000003	-2502.734375
-95.700000000003	-2542.8684082031
-95.600000000003	-2582.9992675781
-95.500000000003	-2623.1301269531
-95.400000000003	-2663.2609863281
-95.300000000003	-2703.3918457031
-95.200000000003	-2749.3161621094
-95.100000000003	-2796.3803710938
-95.000000000003	-2843.4445800781
-94.900000000003	-2890.5090332031
-94.800000000003	-2937.5732421875
-94.700000000003	-2984.6411132813
-94.600000000003	-3031.7055664063
-94.500000000003	-3078.7697753906
-94.400000000003	-3125.833984375
-94.300000000003	-3172.8984375
-94.200000000003	-3227.1755371094
-94.100000000003	-3282.3713378906
-94.000000000003	-3337.5668945313
-93.900000000003	-3392.7624511719
-93.800000000003	-3447.9580078125
-93.700000000003	-3503.1579589844
-93.600000000003	-3558.353515625
-93.500000000003	-3613.5493164063
-93.400000000003	-3668.7448730469
-93.300000000003	-3723.9404296875
-93.200000000003	-3788.0871582031
-93.100000000003	-3852.8188476563
-93.000000000003	-3917.5505371094
-92.900000000003	-3982.2824707031
-92.800000000003	-4047.0141601563
-92.700000000003	-4111.7509765625
-92.600000000003	-4176.482421875
-92.500000000003	-4241.2143554688
-92.400000000003	-4305.9462890625
-92.300000000003	-4370.677734375
-92.200000000003	-4446.4829101563
-92.100000000003	-4522.3984375
-92.000000000003	-4598.3134765625
-91.900000000003	-4674.2290039063
-91.800000000003	-4750.14453125
-91.700000000003	-4826.0654296875
-91.600000000003	-4901.9809570313
-91.500000000003	-4977.8959960938
-91.400000000003	-5053.8115234375
-91.300000000003	-5130.2670898438
-91.200000000003	-5219.3046875
-91.100000000003	-5308.3354492188
-91.000000000003	-5397.3662109375
-90.900000000003	-5486.3969726563
-90.800000000003	-5575.427734375
-90.700000000003	-5664.46484375
-90.600000000003	-5753.4956054688
-90.500000000003	-5842.5263671875
-90.400000000003	-5931.5571289063
-90.300000000003	-6022.0146484375
-90.200000000003	-6126.4340820313
-90.100000000003	-6230.845703125
-90.000000000003	-6335.2573242188
-89.900000000003	-6439.6684570313
-89.800000000003	-6544.080078125
-89.700000000003	-6648.4995117188
-89.600000000003	-6752.9111328125
-89.500000000003	-6857.322265625
-89.400000000003	-6961.7338867188
-89.300000000003	-7068.7475585938
-89.200000000003	-7191.2065429688
-89.100000000003	-7313.6557617188
-89.000000000003	-7436.1049804688
-88.900000000003	-7558.5541992188
-88.800000000003	-7681.0034179688
-88.700000000003	-7803.4619140625
-88.600000000003	-7925.9111328125
-88.500000000003	-8048.3603515625
-88.400000000004	-8170.8095703125
-88.300000000004	-8297.4013671875
-88.200000000004	-8441.0146484375
-88.100000000004	-8584.6171875
-88.000000000004	-8728.2197265625
-87.900000000004	-8871.8212890625
-87.800000000004	-9015.423828125
-87.700000000004	-9159.037109375
-87.600000000004	-9302.638671875
-87.500000000004	-9446.2412109375
-87.400000000004	-9589.84375
-87.300000000004	-9739.5830078125
-87.200000000004	-9908.00390625
-87.100000000004	-1.0076412109375e+004
-87.000000000004	-1.02448203125e+004
-86.900000000004	-1.0413228515625e+004
-86.800000000004	-1.05816357421875e+004
-86.700000000004	-1.0750056640625e+004
-86.600000000004	-1.091846484375e+004
-86.500000000004	-1.1086873046875e+004
-86.400000000004	-1.125528125e+004
-86.300000000004	-1.1432384765625e+004
-86.200000000004	-1.16298974609375e+004
-86.100000000004	-1.18273955078125e+004
-86.000000000004	-1.20248935546875e+004
-85.900000000004	-1.22223916015625e+004
-85.800000000004	-1.24198896484375e+004
-85.700000000004	-1.261740234375e+004
-85.600000000004	-1.2814900390625e+004
-85.500000000004	-1.30123984375e+004
-85.400000000004	-1.3209896484375e+004
-85.300000000004	-1.34193515625e+004
-85.200000000004	-1.3650978515625e+004
-85.100000000004	-1.38825888671875e+004
-85.000000000004	-1.411419921875e+004
-84.900000000004	-1.43458095703125e+004
-84.800000000004	-1.4577419921875e+004
-84.700000000004	-1.4809046875e+004
-84.600000000004	-1.50406572265625e+004
-84.500000000004	-1.5272267578125e+004
-84.400000000004	-1.55038779296875e+004
-84.300000000004	-1.57515712890625e+004
-84.200000000004	-1.6023203125e+004
-84.100000000004	-1.62948134765625e+004
-84.000000000004	-1.6566423828125e+004
-83.900000000004	-1.683803515625e+004
-83.800000000004	-1.7109646484375e+004
-83.700000000004	-1.738127734375e+004
-83.600000000004	-1.7652888671875e+004
-83.500000000004	-1.79245e+004
-83.400000000004	-1.8196109375e+004
-83.300000000004	-1.848899609375e+004
-83.200000000004	-1.880753515625e+004
-83.100000000004	-1.912605078125e+004
-83.000000000004	-1.944456640625e+004
-82.900000000004	-1.976308203125e+004
-82.800000000004	-2.008159765625e+004
-82.700000000004	-2.0400138671875e+004
-82.600000000004	-2.0718654296875e+004
-82.500000000004	-2.1037169921875e+004
-82.400000000004	-2.1355685546875e+004
-82.300000000004	-2.1701984375e+004
-82.200000000004	-2.2075525390625e+004
-82.100000000004	-2.2449041015625e+004
-82.000000000004	-2.28225546875e+004
-81.900000000004	-2.31960703125e+004
-81.800000000004	-2.3569583984375e+004
-81.700000000004	-2.3943126953125e+004
-81.600000000004	-2.4316640625e+004
-81.500000000004	-2.469015625e+004
-81.400000000004	-2.5063669921875e+004
-81.300000000004	-2.5473080078125e+004
-81.200000000004	-2.5911115234375e+004
-81.100000000004	-2.63491171875e+004
-81.000000000004	-2.67871171875e+004
-80.900000000004	-2.7225119140625e+004
-80.800000000004	-2.766312109375e+004
-80.700000000004	-2.810115625e+004
-80.600000000004	-2.853915625e+004
-80.500000000004	-2.8977158203125e+004
-80.400000000004	-2.941516015625e+004
-80.300000000004	-2.9899146484375e+004
-80.200000000004	-3.041279296875e+004
-80.100000000004	-3.0926400390625e+004
-80.000000000004	-3.14400078125e+004
-79.900000000004	-3.195361328125e+004
-79.800000000004	-3.2467220703125e+004
-79.700000000004	-3.29808671875e+004
-79.600000000004	-3.34944765625e+004
-79.500000000004	-3.400808203125e+004
-79.400000000004	-3.45216875e+004
-79.300000000004	-3.509377734375e+004
-79.200000000004	-3.569606640625e+004
-79.100000000004	-3.62983125e+004
-79.000000000004	-3.69005546875e+004
-78.900000000004	-3.7502796875e+004
-78.800000000004	-3.810504296875e+004
-78.700000000004	-3.870733203125e+004
-78.600000000004	-3.930957421875e+004
-78.500000000004	-3.991181640625e+004
-78.400000000004	-4.05140625e+004
-78.300000000004	-4.119021484375e+004
-78.200000000004	-4.189641796875e+004
-78.100000000004	-4.26025703125e+004
-78.000000000004	-4.330871875e+004
-77.900000000004	-4.401487109375e+004
-77.800000000004	-4.47210234375e+004
-77.700000000004	-4.54272265625e+004
-77.600000000004	-4.613337890625e+004
-77.500000000004	-4.683952734375e+004
-77.400000000004	-4.75456796875e+004
-77.300000000004	-4.83447421875e+004
-77.200000000004	-4.917275e+004
-77.100000000004	-5.000069140625e+004
-77.000000000004	-5.082863671875e+004
-76.900000000004	-5.1656578125e+004
-76.800000000004	-5.24845234375e+004
-76.700000000004	-5.331253125e+004
-76.600000000004	-5.414047265625e+004
-76.500000000004	-5.496841796875e+004
-76.400000000004	-5.5796359375e+004
-76.300000000004	-5.674055859375e+004
-76.200000000004	-5.771131640625e+004
-76.100000000004	-5.8682e+004
-76.000000000004	-5.96526796875e+004
-75.900000000004	-6.06233671875e+004
-75.800000000004	-6.1594046875e+004
-75.700000000004	-6.25648046875e+004
-75.600000000004	-6.353548828125e+004
-75.500000000004	-6.4506171875e+004
-75.400000000004	-6.547685546875e+004
-75.300000000004	-6.65923828125e+004
-75.200000000004	-6.7730421875e+004
-75.100000000004	-6.8868375e+004
-75.000000000004	-7.00063203125e+004
-74.900000000004	-7.11442734375e+004
-74.800000000004	-7.228221875e+004
-74.700000000004	-7.34202578125e+004
-74.600000000004	-7.45582109375e+004
-74.500000000004	-7.569615625e+004
-74.400000000004	-7.6834109375e+004
-74.300000000004	-7.81518671875e+004
-74.200000000004	-7.9485890625e+004
-74.100000000004	-8.08198046875e+004
-74.000000000004	-8.21537265625e+004
-73.900000000004	-8.34876484375e+004
-73.800000000004	-8.48215625e+004
-73.700000000004	-8.61555859375e+004
-73.600000000004	-8.74895078125e+004
-73.500000000004	-8.8823421875e+004
-73.400000000004	-9.015734375e+004
-73.300000000004	-9.1713703125e+004
-73.200000000004	-9.32772890625e+004
-73.100000000004	-9.48407578125e+004
-73.000000000004	-9.64042265625e+004
-72.900000000004	-9.79676953125e+004
-72.800000000004	-9.95311640625e+004
-72.700000000004	-1.0109475e+005
-72.600000000004	-1.0265821875e+005
-72.500000000004	-1.042216875e+005
-72.400000000004	-1.057906875e+005
-72.300000000004	-1.07622953125e+005
-72.200000000004	-1.094553671875e+005
-72.100000000004	-1.112876328125e+005
-72.000000000004	-1.131198984375e+005
-71.900000000004	-1.149521640625e+005
-71.800000000004	-1.167844375e+005
-71.700000000004	-1.1861684375e+005
-71.600000000004	-1.20449109375e+005
-71.500000000004	-1.22281375e+005
-71.400000000004	-1.241363515625e+005
-71.300000000004	-1.262832734375e+005
-71.200000000004	-1.284303515625e+005
-71.100000000004	-1.305772734375e+005
-71.000000000004	-1.327241875e+005
-70.900000000004	-1.34871109375e+005
-70.800000000005	-1.3701803125e+005
-70.700000000005	-1.39165109375e+005
-70.600000000005	-1.4131203125e+005
-70.500000000005	-1.434589375e+005
-70.400000000005	-1.45651390625e+005
-70.300000000005	-1.481665e+005
-70.200000000005	-1.50681796875e+005
-70.100000000005	-1.5319690625e+005
-70.000000000005	-1.55712e+005
-69.900000000005	-1.58227109375e+005
-69.800000000005	-1.6074221875e+005
-69.700000000005	-1.632575e+005
-69.600000000005	-1.65772609375e+005
-69.500000000005	-1.6828771875e+005
-69.400000000005	-1.7087828125e+005
-69.300000000005	-1.7382396875e+005
-69.200000000005	-1.76769875e+005
-69.100000000005	-1.797155625e+005
-69.000000000005	-1.8266125e+005
-68.900000000005	-1.856069375e+005
-68.800000000005	-1.88552625e+005
-68.700000000005	-1.91498546875e+005
-68.600000000005	-1.94444234375e+005
-68.500000000005	-1.97389921875e+005
-68.400000000005	-2.00449765625e+005
-68.300000000005	-2.038986875e+005
-68.200000000005	-2.07347890625e+005
-68.100000000005	-2.10796828125e+005
-68.000000000005	-2.14245765625e+005
-67.900000000005	-2.17694703125e+005
-67.800000000005	-2.21143640625e+005
-67.700000000005	-2.24592828125e+005
-67.600000000005	-2.28041765625e+005
-67.500000000005	-2.31490703125e+005
-67.400000000005	-2.3510321875e+005
-67.300000000005	-2.39139875e+005
-67.200000000005	-2.4317684375e+005
-67.100000000005	-2.47213484375e+005
-67.000000000005	-2.51250140625e+005
-66.900000000005	-2.55286796875e+005
-66.800000000005	-2.59323453125e+005
-66.700000000005	-2.6336040625e+005
-66.600000000005	-2.673970625e+005
-66.500000000005	-2.7143371875e+005
-66.400000000005	-2.7569659375e+005
-66.300000000005	-2.8041896875e+005
-66.200000000005	-2.8514171875e+005
-66.100000000005	-2.8986409375e+005
-66.000000000005	-2.9458646875e+005
-65.900000000005	-2.9930884375e+005
-65.800000000005	-3.0403125e+005
-65.700000000005	-3.0875396875e+005
-65.600000000005	-3.1347634375e+005
-65.500000000005	-3.1819875e+005
-65.400000000005	-3.2322590625e+005
-65.300000000005	-3.2874740625e+005
-65.200000000005	-3.3426934375e+005
-65.100000000005	-3.3979084375e+005
-65.000000000005	-3.45312375e+005
-64.900000000005	-3.50833875e+005
-64.800000000005	-3.5635540625e+005
-64.700000000005	-3.618773125e+005
-64.600000000005	-3.6739884375e+005
-64.500000000005	-3.7292034375e+005
-64.400000000005	-3.7884453125e+005
-64.300000000005	-3.85296e+005
-64.200000000005	-3.91748e+005
-64.100000000005	-3.981995e+005
-64.000000000005	-4.0465096875e+005
-63.900000000005	-4.1110246875e+005
-63.800000000005	-4.1755421875e+005
-63.700000000005	-4.240056875e+005
-63.600000000005	-4.304574375e+005
-63.500000000005	-4.369089375e+005
-63.400000000005	-4.43883875e+005
-63.300000000005	-4.51416e+005
-63.200000000005	-4.58947875e+005
-63.100000000005	-4.6648e+005
-63.000000000005	-4.74011875e+005
-62.900000000005	-4.8154371875e+005
-62.800000000005	-4.89075875e+005
-62.700000000005	-4.9660771875e+005
-62.600000000005	-5.04139875e+005
-62.500000000005	-5.1167171875e+005
-62.400000000005	-5.1987496875e+005
-62.300000000005	-5.286595625e+005
-62.200000000005	-5.374438125e+005
-62.100000000005	-5.46228375e+005
-62.000000000005	-5.55012625e+005
-61.900000000005	-5.637969375e+005
-61.800000000005	-5.725815e+005
-61.700000000005	-5.8136575e+005
-61.600000000005	-5.90150375e+005
-61.500000000005	-5.98934625e+005
-61.400000000005	-6.0856975e+005
-61.300000000005	-6.188024375e+005
-61.200000000005	-6.2903475e+005
-61.100000000005	-6.392674375e+005
-61.000000000005	-6.4949975e+005
-60.900000000005	-6.597320625e+005
-60.800000000005	-6.6996475e+005
-60.700000000005	-6.801970625e+005
-60.600000000005	-6.9042975e+005
-60.500000000005	-7.006620625e+005
-60.400000000005	-7.11961125e+005
-60.300000000005	-7.238629375e+005
-60.200000000005	-7.3576425e+005
-60.100000000005	-7.47666e+005
-60.000000000005	-7.59567375e+005
-59.900000000005	-7.714686875e+005
-59.800000000005	-7.833705e+005
-59.700000000005	-7.952718125e+005
-59.600000000005	-8.071735625e+005
-59.500000000005	-8.190749375e+005
-59.400000000005	-8.322998125e+005
-59.300000000005	-8.46117875e+005
-59.200000000005	-8.599355e+005
-59.100000000005	-8.737535625e+005
-59.000000000005	-8.875711875e+005
-58.900000000005	-9.0138875e+005
-58.800000000005	-9.15206875e+005
-58.700000000005	-9.290244375e+005
-58.600000000005	-9.428425625e+005
-58.500000000005	-9.56660125e+005
-58.400000000005	-9.72103e+005
-58.300000000005	-9.881108125e+005
-58.200000000005	-1.0041180625e+006
-58.100000000005	-1.020125875e+006
-58.000000000005	-1.0361330625e+006
-57.900000000005	-1.05214025e+006
-57.800000000005	-1.068148125e+006
-57.700000000005	-1.084155375e+006
-57.600000000005	-1.100163125e+006
-57.500000000005	-1.116170375e+006
-57.400000000005	-1.134152375e+006
-57.300000000005	-1.152648e+006
-57.200000000005	-1.171142875e+006
-57.100000000005	-1.1896385e+006
-57.000000000005	-1.2081335e+006
-56.900000000005	-1.226628375e+006
-56.800000000005	-1.245124e+006
-56.700000000005	-1.263619e+006
-56.600000000005	-1.282114625e+006
-56.500000000005	-1.3006095e+006
-56.400000000005	-1.321477e+006
-56.300000000005	-1.34277925e+006
-56.200000000005	-1.36408075e+006
-56.100000000005	-1.385383e+006
-56.000000000005	-1.4066845e+006
-55.900000000005	-1.427985875e+006
-55.800000000005	-1.44928825e+006
-55.700000000005	-1.470589625e+006
-55.600000000005	-1.491892e+006
-55.500000000005	-1.513193375e+006
-55.400000000005	-1.53731025e+006
-55.300000000005	-1.56175175e+006
-55.200000000005	-1.58619225e+006
-55.100000000005	-1.610633625e+006
-55.000000000005	-1.63507425e+006
-54.900000000005	-1.65951475e+006
-54.800000000005	-1.683956125e+006
-54.700000000005	-1.708396625e+006
-54.600000000005	-1.732838125e+006
-54.500000000005	-1.757278625e+006
-54.400000000005	-1.785014375e+006
-54.300000000005	-1.81293025e+006
-54.200000000005	-1.840845e+006
-54.100000000005	-1.868760875e+006
-54.000000000005	-1.89667575e+006
-53.900000000005	-1.9245905e+006
-53.800000000005	-1.952506375e+006
-53.700000000005	-1.98042125e+006
-53.600000000005	-2.008337125e+006
-53.500000000005	-2.036251875e+006
-53.400000000005	-2.0679735e+006
-53.300000000005	-2.09969625e+006
-53.200000000005	-2.13141775e+006
-53.100000000005	-2.1631405e+006
-53.000000000005	-2.19486225e+006
-52.900000000005	-2.22658375e+006
-52.800000000005	-2.2583065e+006
-52.700000000005	-2.29002825e+006
-52.600000000005	-2.321751e+006
-52.500000000005	-2.3534725e+006
-52.400000000005	-2.3892995e+006
-52.300000000005	-2.42512775e+006
-52.200000000005	-2.4609545e+006
-52.100000000005	-2.49678275e+006
-52.000000000005	-2.53260975e+006
-51.900000000005	-2.56843675e+006
-51.800000000005	-2.604265e+006
-51.700000000005	-2.64009175e+006
-51.600000000005	-2.67592e+006
-51.500000000005	-2.711747e+006
-51.400000000005	-2.7519045e+006
-51.300000000005	-2.79206375e+006
-51.200000000005	-2.83222125e+006
-51.100000000005	-2.87238025e+006
-51.000000000005	-2.912538e+006
-50.900000000005	-2.9526955e+006
-50.800000000005	-2.9928545e+006
-50.700000000005	-3.033012e+006
-50.600000000005	-3.07317125e+006
-50.500000000005	-3.11332875e+006
-50.400000000005	-3.15794375e+006
-50.300000000005	-3.20256075e+006
-50.200000000005	-3.24717575e+006
-50.100000000005	-3.2917925e+006
-50.000000000005	-3.3364075e+006
-49.900000000005	-3.38102275e+006
-49.800000000005	-3.4256395e+006
-49.700000000005	-3.4702545e+006
-49.600000000005	-3.5148715e+006
-49.500000000005	-3.5594865e+006
-49.400000000005	-3.6085495e+006
-49.300000000005	-3.6576145e+006
-49.200000000005	-3.7066775e+006
-49.100000000005	-3.75574225e+006
-49.000000000005	-3.80480525e+006
-48.900000000005	-3.85386825e+006
-48.800000000005	-3.902933e+006
-48.700000000005	-3.951996e+006
-48.600000000005	-4.001061e+006
-48.500000000005	-4.050124e+006
-48.400000000005	-4.10345075e+006
-48.300000000005	-4.1567795e+006
-48.200000000005	-4.2101065e+006
-48.100000000005	-4.263435e+006
-48.000000000005	-4.316762e+006
-47.900000000005	-4.370089e+006
-47.800000000005	-4.4234175e+006
-47.700000000005	-4.4767445e+006
-47.600000000005	-4.530073e+006
-47.500000000005	-4.5834e+006
-47.400000000005	-4.6405995e+006
-47.300000000005	-4.697801e+006
-47.200000000005	-4.755e+006
-47.100000000005	-4.8122015e+006
-47.000000000005	-4.869401e+006
-46.900000000005	-4.9266005e+006
-46.800000000005	-4.983802e+006
-46.700000000005	-5.041001e+006
-46.600000000005	-5.0982025e+006
-46.500000000005	-5.155402e+006
-46.400000000005	-5.215856e+006
-46.300000000005	-5.2763125e+006
-46.200000000005	-5.336766e+006
-46.100000000005	-5.3972225e+006
-46.000000000005	-5.4576765e+006
-45.900000000005	-5.5181305e+006
-45.800000000005	-5.578587e+006
-45.700000000005	-5.639041e+006
-45.600000000005	-5.699497e+006
-45.500000000005	-5.759951e+006
-45.400000000005	-5.8228145e+006
-45.300000000005	-5.8856805e+006
-45.200000000005	-5.9485445e+006
-45.100000000005	-6.0114105e+006
-45.000000000005	-6.074274e+006
-44.900000000005	-6.1371375e+006
-44.800000000005	-6.2000035e+006
-44.700000000005	-6.2628675e+006
-44.600000000005	-6.3257335e+006
-44.500000000005	-6.388597e+006
-44.400000000005	-6.452825e+006
-44.300000000005	-6.517055e+006
-44.200000000005	-6.581283e+006
-44.100000000005	-6.6455135e+006
-44.000000000005	-6.709741e+006
-43.900000000005	-6.773969e+006
-43.800000000005	-6.8381995e+006
-43.700000000005	-6.9024275e+006
-43.600000000005	-6.9666575e+006
-43.500000000005	-7.0308855e+006
-43.400000000005	-7.095284e+006
-43.300000000005	-7.1596845e+006
-43.200000000005	-7.224083e+006
-43.100000000005	-7.288484e+006
-43.000000000005	-7.352882e+006
-42.900000000005	-7.4172805e+006
-42.800000000005	-7.4816815e+006
-42.700000000005	-7.54608e+006
-42.600000000005	-7.6104805e+006
-42.500000000005	-7.674879e+006
-42.400000000005	-7.738181e+006
-42.300000000005	-7.801485e+006
-42.200000000005	-7.864787e+006
-42.100000000005	-7.9280915e+006
-42.000000000005	-7.991393e+006
-41.900000000005	-8.054695e+006
-41.800000000005	-8.1179995e+006
-41.700000000005	-8.1813015e+006
-41.600000000005	-8.2446055e+006
-41.500000000005	-8.3079075e+006
-41.400000000005	-8.3692865e+006
-41.300000000005	-8.430668e+006
-41.200000000005	-8.492046e+006
-41.100000000005	-8.553428e+006
-41.000000000005	-8.614806e+006
-40.900000000005	-8.676185e+006
-40.800000000005	-8.737567e+006
-40.700000000005	-8.797732e+006
-40.600000000005	-8.856686e+006
-40.500000000005	-8.915638e+006
-40.400000000005	-8.974589e+006
-40.300000000005	-9.033543e+006
-40.200000000005	-9.092495e+006
-40.100000000005	-9.151449e+006
-40.000000000005	-9.210401e+006
-39.900000000005	-9.265824e+006
-39.800000000005	-9.321248e+006
-39.700000000005	-9.376671e+006
-39.600000000005	-9.432096e+006
-39.500000000005	-9.487519e+006
-39.400000000005	-9.542941e+006
-39.300000000005	-9.598366e+006
-39.200000000005	-9.653789e+006
-39.100000000005	-9.709214e+006
-39.000000000005	-9.762508e+006
-38.900000000005	-9.813249e+006
-38.800000000005	-9.863992e+006
-38.700000000005	-9.914734e+006
-38.600000000005	-9.965477e+006
-38.500000000005	-1.0016218e+007
-38.400000000005	-1.0066959e+007
-38.300000000005	-1.0117702e+007
-38.200000000005	-1.0168443e+007
-38.100000000005	-1.0219186e+007
-38.000000000005	-1.0265086e+007
-37.900000000005	-1.0310501e+007
-37.800000000005	-1.0355917e+007
-37.700000000005	-1.0401332e+007
-37.600000000005	-1.0446749e+007
-37.500000000005	-1.0492164e+007
-37.400000000005	-1.0537579e+007
-37.300000000005	-1.0582996e+007
-37.200000000005	-1.0628411e+007
-37.100000000005	-1.0671723e+007
-37.000000000005	-1.0711351e+007
-36.900000000005	-1.0750978e+007
-36.800000000005	-1.0790607e+007
-36.700000000005	-1.0830235e+007
-36.600000000004	-1.0869864e+007
-36.500000000004	-1.0909492e+007
-36.400000000004	-1.0949119e+007
-36.300000000004	-1.0988749e+007
-36.200000000004	-1.1028376e+007
-36.100000000004	-1.1063026e+007
-36.000000000004	-1.1096568e+007
-35.900000000004	-1.1130111e+007
-35.800000000004	-1.1163654e+007
-35.700000000004	-1.1197197e+007
-35.600000000004	-1.123074e+007
-35.500000000004	-1.1264282e+007
-35.400000000004	-1.1297825e+007
-35.300000000004	-1.1331368e+007
-35.200000000004	-1.1363206e+007
-35.100000000004	-1.13905e+007
-35.000000000004	-1.1417792e+007
-34.900000000004	-1.1445085e+007
-34.800000000004	-1.1472379e+007
-34.700000000004	-1.1499671e+007
-34.600000000004	-1.1526965e+007
-34.500000000004	-1.1554258e+007
-34.400000000004	-1.158155e+007
-34.300000000004	-1.1608844e+007
-34.200000000004	-1.1631542e+007
-34.100000000004	-1.1652517e+007
-34.000000000004	-1.1673492e+007
-33.900000000004	-1.1694467e+007
-33.800000000004	-1.1715443e+007
-33.700000000004	-1.1736418e+007
-33.600000000004	-1.1757394e+007
-33.500000000004	-1.1778369e+007
-33.400000000004	-1.1799344e+007
-33.300000000004	-1.1819169e+007
-33.200000000004	-1.1833819e+007
-33.100000000004	-1.1848468e+007
-33.000000000004	-1.1863117e+007
-32.900000000004	-1.1877767e+007
-32.800000000004	-1.1892416e+007
-32.700000000004	-1.1907066e+007
-32.600000000004	-1.1921715e+007
-32.500000000004	-1.1936364e+007
-32.400000000004	-1.1951014e+007
-32.300000000004	-1.1961651e+007
-32.200000000004	-1.1969996e+007
-32.100000000004	-1.197834e+007
-32.000000000004	-1.1986685e+007
-31.900000000004	-1.199503e+007
-31.800000000004	-1.2003374e+007
-31.700000000004	-1.2011719e+007
-31.600000000004	-1.2020063e+007
-31.500000000004	-1.2028408e+007
-31.400000000004	-1.2036182e+007
-31.300000000004	-1.2038247e+007
-31.200000000004	-1.2040311e+007
-31.100000000004	-1.2042376e+007
-31.000000000004	-1.2044441e+007
-30.900000000004	-1.2046506e+007
-30.800000000004	-1.2048571e+007
-30.700000000004	-1.2050636e+007
-30.600000000004	-1.2052701e+007
-30.500000000004	-1.2054765e+007
-30.400000000004	-1.2053414e+007
-30.300000000004	-1.2049214e+007
-30.200000000004	-1.2045015e+007
-30.100000000004	-1.2040816e+007
-30.000000000004	-1.2036617e+007
-29.900000000004	-1.2032418e+007
-29.800000000004	-1.2028218e+007
-29.700000000004	-1.2024019e+007
-29.600000000004	-1.201982e+007
-29.500000000004	-1.2015621e+007
-29.400000000004	-1.200501e+007
-29.300000000004	-1.1994399e+007
-29.200000000004	-1.1983789e+007
-29.100000000004	-1.1973178e+007
-29.000000000004	-1.1962567e+007
-28.900000000004	-1.1951956e+007
-28.800000000004	-1.1941345e+007
-28.700000000004	-1.1930735e+007
-28.600000000004	-1.1920124e+007
-28.500000000004	-1.1909513e+007
-28.400000000004	-1.1892334e+007
-28.300000000004	-1.1875155e+007
-28.200000000004	-1.1857976e+007
-28.100000000004	-1.1840797e+007
-28.000000000004	-1.1823618e+007
-27.900000000004	-1.180644e+007
-27.800000000004	-1.1789261e+007
-27.700000000004	-1.1772082e+007
-27.600000000004	-1.1754903e+007
-27.500000000004	-1.1737724e+007
-27.400000000004	-1.171398e+007
-27.300000000004	-1.1690236e+007
-27.200000000004	-1.1666493e+007
-27.100000000004	-1.1642749e+007
-27.000000000004	-1.1619005e+007
-26.900000000004	-1.1595261e+007
-26.800000000004	-1.1571517e+007
-26.700000000004	-1.1547774e+007
-26.600000000004	-1.152403e+007
-26.500000000004	-1.1500286e+007
-26.400000000004	-1.1470021e+007
-26.300000000004	-1.1439755e+007
-26.200000000004	-1.1409491e+007
-26.100000000004	-1.1379225e+007
-26.000000000004	-1.134896e+007
-25.900000000004	-1.1318695e+007
-25.800000000004	-1.1288429e+007
-25.700000000004	-1.1258165e+007
-25.600000000004	-1.1227899e+007
-25.500000000004	-1.1197634e+007
-25.400000000004	-1.116097e+007
-25.300000000004	-1.1124306e+007
-25.200000000004	-1.1087642e+007
-25.100000000004	-1.1050978e+007
-25.000000000004	-1.1014314e+007
-24.900000000004	-1.097765e+007
-24.800000000004	-1.0940986e+007
-24.700000000004	-1.0904322e+007
-24.600000000004	-1.0867658e+007
-24.500000000004	-1.0830994e+007
-24.400000000004	-1.0788174e+007
-24.300000000004	-1.0745354e+007
-24.200000000004	-1.0702536e+007
-24.100000000004	-1.0659716e+007
-24.000000000004	-1.0616896e+007
-23.900000000004	-1.0574076e+007
-23.800000000004	-1.0531256e+007
-23.700000000004	-1.0488438e+007
-23.600000000004	-1.0445618e+007
-23.500000000004	-1.0402798e+007
-23.400000000004	-1.0354227e+007
-23.300000000004	-1.0305656e+007
-23.200000000004	-1.0257087e+007
-23.100000000004	-1.0208516e+007
-23.000000000004	-1.0159945e+007
-22.900000000004	-1.0111374e+007
-22.800000000004	-1.0062803e+007
-22.700000000004	-1.0014234e+007
-22.600000000004	-9.965663e+006
-22.500000000004	-9.917092e+006
-22.400000000004	-9.863365e+006
-22.300000000004	-9.809639e+006
-22.200000000004	-9.755913e+006
-22.100000000004	-9.702187e+006
-22.000000000004	-9.64846e+006
-21.900000000004	-9.594733e+006
-21.800000000004	-9.541007e+006
-21.700000000004	-9.487281e+006
-21.600000000004	-9.433555e+006
-21.500000000004	-9.379828e+006
-21.400000000004	-9.321743e+006
-21.300000000004	-9.263659e+006
-21.200000000004	-9.205575e+006
-21.100000000004	-9.147491e+006
-21.000000000004	-9.089406e+006
-20.900000000004	-9.031321e+006
-20.800000000004	-8.973237e+006
-20.700000000004	-8.915153e+006
-20.600000000004	-8.857069e+006
-20.500000000004	-8.798984e+006
-20.400000000004	-8.737529e+006
-20.300000000004	-8.676074e+006
-20.200000000004	-8.61462e+006
-20.100000000004	-8.553164e+006
-20.000000000004	-8.491709e+006
-19.900000000004	-8.430254e+006
-19.800000000004	-8.368799e+006
-19.700000000004	-8.307345e+006
-19.600000000004	-8.2458895e+006
-19.500000000004	-8.1844345e+006
-19.400000000004	-8.120746e+006
-19.300000000004	-8.057057e+006
-19.200000000004	-7.9933695e+006
-19.100000000004	-7.929681e+006
-19.000000000004	-7.865992e+006
-18.900000000004	-7.802303e+006
-18.800000000004	-7.7386145e+006
-18.700000000004	-7.674927e+006
-18.600000000004	-7.611238e+006
-18.500000000004	-7.5475495e+006
-18.400000000004	-7.482848e+006
-18.300000000004	-7.4181465e+006
-18.200000000004	-7.353446e+006
-18.100000000004	-7.288745e+006
-18.000000000004	-7.224043e+006
-17.900000000004	-7.159342e+006
-17.800000000004	-7.09464e+006
-17.700000000004	-7.02994e+006
-17.600000000004	-6.9652385e+006
-17.500000000004	-6.900537e+006
-17.400000000004	-6.836047e+006
-17.300000000004	-6.7715565e+006
-17.200000000004	-6.707068e+006
-17.100000000004	-6.6425775e+006
-17.000000000004	-6.5780875e+006
-16.900000000004	-6.5135975e+006
-16.800000000004	-6.449107e+006
-16.700000000004	-6.3846185e+006
-16.600000000004	-6.320128e+006
-16.500000000004	-6.255638e+006
-16.400000000004	-6.192503e+006
-16.300000000004	-6.129368e+006
-16.200000000004	-6.066234e+006
-16.100000000004	-6.003099e+006
-16.000000000004	-5.939964e+006
-15.900000000004	-5.876829e+006
-15.800000000004	-5.813695e+006
-15.700000000004	-5.75056e+006
-15.600000000004	-5.6874255e+006
-15.500000000004	-5.6242905e+006
-15.400000000004	-5.563502e+006
-15.300000000004	-5.5027145e+006
-15.200000000004	-5.441926e+006
-15.100000000004	-5.3811385e+006
-15.000000000004	-5.32035e+006
-14.900000000004	-5.2595615e+006
-14.800000000004	-5.198774e+006
-14.700000000004	-5.1379855e+006
-14.600000000004	-5.077198e+006
-14.500000000004	-5.0164095e+006
-14.400000000004	-4.9578455e+006
-14.300000000004	-4.8992825e+006
-14.200000000004	-4.8407185e+006
-14.100000000004	-4.7821555e+006
-14.000000000004	-4.7235915e+006
-13.900000000004	-4.6677175e+006
-13.800000000004	-4.6118435e+006
-13.700000000004	-4.5559695e+006
-13.600000000004	-4.500096e+006
-13.500000000004	-4.444222e+006
-13.400000000004	-4.3883475e+006
-13.300000000004	-4.332474e+006
-13.200000000004	-4.2766e+006
-13.100000000004	-4.220726e+006
-13.000000000004	-4.164852e+006
-12.900000000004	-4.1128715e+006
-12.800000000004	-4.0608915e+006
-12.700000000004	-4.00891125e+006
-12.600000000004	-3.95693125e+006
-12.500000000004	-3.90495075e+006
-12.400000000004	-3.85297025e+006
-12.300000000004	-3.80099025e+006
-12.200000000004	-3.74901e+006
-12.100000000004	-3.69703e+006
-12.000000000004	-3.6450495e+006
-11.900000000004	-3.597192e+006
-11.800000000004	-3.549335e+006
-11.700000000004	-3.50147775e+006
-11.600000000004	-3.45362075e+006
-11.500000000004	-3.40576325e+006
-11.400000000004	-3.35790575e+006
-11.300000000004	-3.31004875e+006
-11.200000000004	-3.2621915e+006
-11.100000000004	-3.2143345e+006
-11.000000000004	-3.166477e+006
-10.900000000004	-3.122779e+006
-10.800000000004	-3.07908125e+006
-10.700000000004	-3.035383e+006
-10.600000000004	-2.99168525e+006
-10.500000000004	-2.94798725e+006
-10.400000000004	-2.904289e+006
-10.300000000004	-2.8605915e+006
-10.200000000004	-2.81689325e+006
-10.100000000004	-2.7731955e+006
-10.000000000004	-2.7294975e+006
-9.9000000000042	-2.689837e+006
-9.8000000000042	-2.650177e+006
-9.7000000000042	-2.6105165e+006
-9.6000000000042	-2.5708565e+006
-9.5000000000042	-2.531196e+006
-9.4000000000042	-2.4915355e+006
-9.3000000000042	-2.4518755e+006
-9.2000000000042	-2.412215e+006
-9.1000000000042	-2.372555e+006
-9.0000000000042	-2.3328945e+006
-8.9000000000042	-2.29702875e+006
-8.8000000000042	-2.2611635e+006
-8.7000000000042	-2.22529775e+006
-8.6000000000042	-2.1894325e+006
-8.5000000000042	-2.15356675e+006
-8.4000000000042	-2.11770125e+006
-8.3000000000042	-2.08183575e+006
-8.2000000000042	-2.045970125e+006
-8.1000000000042	-2.01010475e+006
-8.0000000000042	-1.974239125e+006
-7.9000000000042	-1.9418385e+006
-7.8000000000042	-1.909437875e+006
-7.7000000000042	-1.877037e+006
-7.6000000000042	-1.844636375e+006
-7.5000000000042	-1.81223575e+006
-7.4000000000042	-1.779835125e+006
-7.3000000000042	-1.7474345e+006
-7.2000000000042	-1.715033625e+006
-7.1000000000042	-1.682633e+006
-7.0000000000042	-1.650232375e+006
-6.9000000000042	-1.620909e+006
-6.8000000000042	-1.591585625e+006
-6.7000000000042	-1.562262125e+006
-6.6000000000042	-1.53293875e+006
-6.5000000000042	-1.50361525e+006
-6.4000000000042	-1.474291875e+006
-6.3000000000042	-1.4449685e+006
-6.2000000000042	-1.415645e+006
-6.1000000000042	-1.386321625e+006
-6.0000000000042	-1.35699825e+006
-5.9000000000042	-1.330329875e+006
-5.8000000000042	-1.303661625e+006
-5.7000000000042	-1.276993125e+006
-5.6000000000042	-1.250324875e+006
-5.5000000000042	-1.2236565e+006
-5.4000000000042	-1.196988125e+006
-5.3000000000042	-1.170319875e+006
-5.2000000000042	-1.143651375e+006
-5.1000000000042	-1.116983125e+006
-5.0000000000042	-1.09031475e+006
-4.9000000000042	-1.0658615e+006
-4.8000000000042	-1.0414081875e+006
-4.7000000000042	-1.01695475e+006
-4.6000000000042	-9.925015e+005
-4.5000000000042	-9.680481875e+005
-4.4000000000042	-9.43594875e+005
-4.3000000000042	-9.19141625e+005
-4.2000000000042	-8.946881875e+005
-4.1000000000042	-8.702349375e+005
-4.0000000000042	-8.45781625e+005
-3.9000000000042	-8.230968125e+005
-3.8000000000042	-8.004119375e+005
-3.7000000000042	-7.77727125e+005
-3.6000000000042	-7.5504225e+005
-3.5000000000042	-7.323574375e+005
-3.4000000000042	-7.09672625e+005
-3.3000000000042	-6.8698775e+005
-3.2000000000042	-6.643029375e+005
-3.1000000000042	-6.416180625e+005
-3.0000000000042	-6.1893325e+005
-2.9000000000042	-5.975703125e+005
-2.8000000000042	-5.762073125e+005
-2.7000000000042	-5.54844375e+005
-2.6000000000042	-5.33481375e+005
-2.5000000000042	-5.1211840625e+005
-2.4000000000042	-4.9075546875e+005
-2.3000000000042	-4.693924375e+005
-2.2000000000042	-4.480295e+005
-2.1000000000042	-4.266665e+005
-2.0000000000042	-4.053035625e+005
-1.9000000000042	-3.84818875e+005
-1.8000000000042	-3.6433421875e+005
-1.7000000000042	-3.438495625e+005
-1.6000000000042	-3.23364875e+005
-1.5000000000042	-3.0288021875e+005
-1.4000000000042	-2.823955625e+005
-1.3000000000042	-2.61910875e+005
-1.2000000000042	-2.4142621875e+005
-1.1000000000042	-2.20941546875e+005
-1.0000000000042	-2.00456875e+005
-0.90000000000425	-1.8041028125e+005
-0.80000000000425	-1.6036371875e+005
-0.70000000000425	-1.40317125e+005
-0.60000000000425	-1.202705546875e+005
-0.50000000000425	-1.0022396875e+005
-0.40000000000425	-8.01773828125e+004
-0.30000000000425	-6.01308125e+004
-0.20000000000425	-4.008421875e+004
-0.10000000000425	-2.003765625e+004
-4.2465198024644e-012	8.9375
0.099999999995753	2.005553515625e+004
0.19999999999575	4.010213671875e+004
0.29999999999575	6.01487421875e+004
0.39999999999575	8.019534375e+004
0.49999999999575	1.002419375e+005
0.59999999999575	1.20288546875e+005
0.69999999999575	1.40335140625e+005
0.79999999999575	1.6038175e+005
0.89999999999575	1.8042834375e+005
0.99999999999575	2.00474953125e+005
1.0999999999958	2.209596875e+005
1.1999999999958	2.414444375e+005
1.2999999999958	2.6192915625e+005
1.3999999999958	2.82413875e+005
1.4999999999958	3.02898625e+005
1.5999999999958	3.23383375e+005
1.6999999999958	3.43868125e+005
1.7999999999958	3.643528125e+005
1.8999999999958	3.848375625e+005
1.9999999999958	4.053223125e+005
2.0999999999958	4.26685375e+005
2.1999999999958	4.480485e+005
2.2999999999958	4.694115625e+005
2.3999999999958	4.9077465625e+005
2.4999999999958	5.1213771875e+005
2.5999999999958	5.3350075e+005
2.6999999999958	5.54863875e+005
2.7999999999958	5.762269375e+005
2.8999999999958	5.975900625e+005
2.9999999999958	6.18953125e+005
3.0999999999958	6.41638125e+005
3.1999999999958	6.64323125e+005
3.2999999999958	6.87008125e+005
3.3999999999958	7.09693125e+005
3.4999999999958	7.32378125e+005
3.5999999999958	7.55063125e+005
3.6999999999958	7.77748125e+005
3.7999999999958	8.00433125e+005
3.8999999999958	8.23118125e+005
3.9999999999958	8.45803125e+005
4.0999999999958	8.70256625e+005
4.1999999999958	8.94710125e+005
4.2999999999958	9.191636875e+005
4.3999999999958	9.436171875e+005
4.4999999999958	9.680706875e+005
4.5999999999958	9.925241875e+005
4.6999999999958	1.0169776875e+006
4.7999999999958	1.04143125e+006
4.8999999999958	1.06588475e+006
4.9999999999958	1.09033825e+006
5.0999999999958	1.117006875e+006
5.1999999999958	1.143675375e+006
5.2999999999958	1.170344125e+006
5.3999999999958	1.19701275e+006
5.4999999999958	1.22368125e+006
5.5999999999958	1.250349875e+006
5.6999999999958	1.2770185e+006
5.7999999999957	1.30368725e+006
5.8999999999957	1.33035575e+006
5.9999999999957	1.357024375e+006
6.0999999999957	1.386348125e+006
6.1999999999957	1.41567175e+006
6.2999999999957	1.444995625e+006
6.3999999999957	1.474319375e+006
6.4999999999957	1.503643e+006
6.5999999999957	1.53296675e+006
6.6999999999957	1.5622905e+006
6.7999999999957	1.591614375e+006
6.8999999999957	1.620938e+006
6.9999999999957	1.65026175e+006
7.0999999999957	1.68266275e+006
7.1999999999957	1.71506375e+006
7.2999999999957	1.747465e+006
7.3999999999957	1.779866e+006
7.4999999999957	1.812267e+006
7.5999999999957	1.844668e+006
7.6999999999957	1.877069e+006
7.7999999999957	1.90947025e+006
7.8999999999957	1.94187125e+006
7.9999999999957	1.97427225e+006
8.0999999999957	2.010138375e+006
8.1999999999957	2.046004125e+006
8.2999999999957	2.08187025e+006
8.3999999999957	2.117736e+006
8.4999999999957	2.153602e+006
8.5999999999957	2.18946825e+006
8.6999999999957	2.225334e+006
8.7999999999957	2.2612e+006
8.8999999999957	2.297066e+006
8.9999999999957	2.332932e+006
9.0999999999957	2.372593e+006
9.1999999999957	2.4122535e+006
9.2999999999957	2.4519145e+006
9.3999999999957	2.491575e+006
9.4999999999957	2.531236e+006
9.5999999999957	2.570897e+006
9.6999999999957	2.6105575e+006
9.7999999999957	2.6502185e+006
9.8999999999957	2.689879e+006
9.9999999999957	2.72954e+006
10.099999999996	2.77323875e+006
10.199999999996	2.816937e+006
10.299999999996	2.86063575e+006
10.399999999996	2.904334e+006
10.499999999996	2.94803275e+006
10.599999999996	2.9917315e+006
10.699999999996	3.03542975e+006
10.799999999996	3.0791285e+006
10.899999999996	3.12282675e+006
10.999999999996	3.1665255e+006
11.099999999996	3.21438375e+006
11.199999999996	3.26224125e+006
11.299999999996	3.3100995e+006
11.399999999996	3.357957e+006
11.499999999996	3.40581525e+006
11.599999999996	3.4536735e+006
11.699999999996	3.501531e+006
11.799999999996	3.54938925e+006
11.899999999996	3.597247e+006
11.999999999996	3.645105e+006
12.099999999996	3.69708625e+006
12.199999999996	3.749067e+006
12.299999999996	3.801048e+006
12.399999999996	3.85302875e+006
12.499999999996	3.90501e+006
12.599999999996	3.95699125e+006
12.699999999996	4.008972e+006
12.799999999996	4.060953e+006
12.899999999996	4.11293375e+006
12.999999999996	4.164915e+006
13.099999999996	4.22079e+006
13.199999999996	4.2766645e+006
13.299999999996	4.3325395e+006
13.399999999996	4.388414e+006
13.499999999996	4.444289e+006
13.599999999996	4.5001635e+006
13.699999999996	4.556038e+006
13.799999999996	4.611913e+006
13.899999999996	4.6677875e+006
13.999999999996	4.7236625e+006
14.099999999996	4.7822275e+006
14.199999999996	4.8407915e+006
14.299999999996	4.8993565e+006
14.399999999996	4.9579205e+006
14.499999999996	5.0164855e+006
14.599999999996	5.077275e+006
14.699999999996	5.1380635e+006
14.799999999996	5.198853e+006
14.899999999996	5.2596415e+006
14.999999999996	5.320431e+006
15.099999999996	5.38122e+006
15.199999999996	5.4420085e+006
15.299999999996	5.502798e+006
15.399999999996	5.5635865e+006
15.499999999996	5.624376e+006
15.599999999996	5.687512e+006
15.699999999996	5.7506475e+006
15.799999999996	5.8137835e+006
15.899999999996	5.876919e+006
15.999999999996	5.940055e+006
16.099999999996	6.003191e+006
16.199999999996	6.0663265e+006
16.299999999996	6.1294615e+006
16.399999999996	6.1925975e+006
16.499999999996	6.2557335e+006
16.599999999996	6.320225e+006
16.699999999996	6.384716e+006
16.799999999996	6.449206e+006
16.899999999996	6.5136975e+006
16.999999999996	6.578189e+006
17.099999999996	6.64268e+006
17.199999999996	6.7071715e+006
17.299999999996	6.7716615e+006
17.399999999996	6.8361525e+006
17.499999999996	6.900644e+006
17.599999999996	6.9653465e+006
17.699999999996	7.0300495e+006
17.799999999996	7.0947505e+006
17.899999999996	7.1594535e+006
17.999999999996	7.224156e+006
18.099999999996	7.2888585e+006
18.199999999996	7.3535615e+006
18.299999999996	7.4182625e+006
18.399999999996	7.4829655e+006
18.499999999996	7.547668e+006
18.599999999996	7.611358e+006
18.699999999996	7.675048e+006
18.799999999996	7.738737e+006
18.899999999996	7.802427e+006
18.999999999996	7.866117e+006
19.099999999996	7.929807e+006
19.199999999996	7.993497e+006
19.299999999996	8.057186e+006
19.399999999996	8.120876e+006
19.499999999996	8.184566e+006
19.599999999996	8.2460225e+006
19.699999999996	8.307479e+006
19.799999999996	8.368934e+006
19.899999999996	8.430391e+006
19.999999999996	8.491847e+006
20.099999999996	8.553303e+006
20.199999999996	8.61476e+006
20.299999999996	8.676215e+006
20.399999999996	8.737672e+006
20.499999999996	8.799128e+006
20.599999999996	8.857214e+006
20.699999999996	8.9153e+006
20.799999999996	8.973385e+006
20.899999999996	9.031471e+006
20.999999999996	9.089557e+006
21.099999999996	9.147643e+006
21.199999999996	9.205729e+006
21.299999999996	9.263814e+006
21.399999999996	9.3219e+006
21.499999999996	9.379986e+006
21.599999999996	9.433714e+006
21.699999999996	9.487442e+006
21.799999999996	9.541169e+006
21.899999999996	9.594897e+006
21.999999999996	9.648626e+006
22.099999999996	9.702354e+006
22.199999999996	9.756082e+006
22.299999999996	9.809809e+006
22.399999999996	9.863537e+006
22.499999999996	9.917265e+006
22.599999999996	9.965837e+006
22.699999999996	1.001441e+007
22.799999999996	1.0062981e+007
22.899999999996	1.0111553e+007
22.999999999996	1.0160126e+007
23.099999999996	1.0208698e+007
23.199999999996	1.025727e+007
23.299999999996	1.0305841e+007
23.399999999996	1.0354414e+007
23.499999999996	1.0402986e+007
23.599999999996	1.0445807e+007
23.699999999996	1.0488629e+007
23.799999999996	1.0531449e+007
23.899999999996	1.0574271e+007
23.999999999996	1.0617092e+007
24.099999999996	1.0659913e+007
24.199999999996	1.0702735e+007
24.299999999996	1.0745555e+007
24.399999999996	1.0788377e+007
24.499999999996	1.0831198e+007
24.599999999996	1.0867864e+007
24.699999999996	1.090453e+007
24.799999999996	1.0941195e+007
24.899999999996	1.0977861e+007
24.999999999996	1.1014527e+007
25.099999999996	1.1051193e+007
25.199999999996	1.1087859e+007
25.299999999996	1.1124524e+007
25.399999999996	1.116119e+007
25.499999999996	1.1197856e+007
25.599999999996	1.1228123e+007
25.699999999996	1.125839e+007
25.799999999996	1.1288657e+007
25.899999999996	1.1318924e+007
25.999999999996	1.1349191e+007
26.099999999996	1.1379458e+007
26.199999999996	1.1409725e+007
26.299999999996	1.1439992e+007
26.399999999996	1.1470259e+007
26.499999999996	1.1500526e+007
26.599999999996	1.1524272e+007
26.699999999996	1.1548018e+007
26.799999999996	1.1571763e+007
26.899999999996	1.1595509e+007
26.999999999996	1.1619255e+007
27.099999999996	1.1643001e+007
27.199999999996	1.1666747e+007
27.299999999996	1.1690492e+007
27.399999999996	1.1714238e+007
27.499999999996	1.1737984e+007
27.599999999996	1.1755165e+007
27.699999999996	1.1772346e+007
27.799999999996	1.1789527e+007
27.899999999996	1.1806708e+007
27.999999999996	1.1823888e+007
28.099999999996	1.1841069e+007
28.199999999996	1.185825e+007
28.299999999996	1.1875431e+007
28.399999999996	1.1892612e+007
28.499999999996	1.1909793e+007
28.599999999996	1.1920406e+007
28.699999999996	1.1931019e+007
28.799999999996	1.1941632e+007
28.899999999996	1.1952245e+007
28.999999999996	1.1962858e+007
29.099999999996	1.1973471e+007
29.199999999996	1.1984084e+007
29.299999999996	1.1994697e+007
29.399999999996	1.200531e+007
29.499999999996	1.2015923e+007
29.599999999996	1.2020124e+007
29.699999999996	1.2024326e+007
29.799999999996	1.2028527e+007
29.899999999996	1.2032728e+007
29.999999999996	1.2036929e+007
30.099999999996	1.2041131e+007
30.199999999996	1.2045332e+007
30.299999999996	1.2049533e+007
30.399999999996	1.2053734e+007
30.499999999996	1.2055088e+007
30.599999999996	1.2053026e+007
30.699999999996	1.2050963e+007
30.799999999996	1.20489e+007
30.899999999996	1.2046838e+007
30.999999999996	1.2044775e+007
31.099999999996	1.2042712e+007
31.199999999996	1.204065e+007
31.299999999996	1.2038587e+007
31.399999999996	1.2036525e+007
31.499999999996	1.2028753e+007
31.599999999996	1.2020411e+007
31.699999999996	1.2012068e+007
31.799999999996	1.2003726e+007
31.899999999996	1.1995383e+007
31.999999999996	1.1987041e+007
32.099999999996	1.1978699e+007
32.199999999996	1.1970356e+007
32.299999999996	1.1962014e+007
32.399999999996	1.1951378e+007
32.499999999996	1.1936731e+007
32.599999999996	1.1922084e+007
32.699999999996	1.1907436e+007
32.799999999996	1.1892789e+007
32.899999999996	1.1878141e+007
32.999999999996	1.1863494e+007
33.099999999996	1.1848847e+007
33.199999999996	1.1834199e+007
33.299999999996	1.1819552e+007
33.399999999996	1.1799728e+007
33.499999999996	1.1778755e+007
33.599999999996	1.1757782e+007
33.699999999996	1.1736808e+007
33.799999999996	1.1715835e+007
33.899999999996	1.1694861e+007
33.999999999996	1.1673888e+007
34.099999999996	1.1652914e+007
34.199999999996	1.163194e+007
34.299999999996	1.1609244e+007
34.399999999996	1.1581952e+007
34.499999999996	1.155466e+007
34.599999999996	1.1527369e+007
34.699999999996	1.1500077e+007
34.799999999996	1.1472785e+007
34.899999999996	1.1445493e+007
34.999999999996	1.1418202e+007
35.099999999996	1.139091e+007
35.199999999996	1.1363618e+007
35.299999999996	1.1331781e+007
35.399999999996	1.1298238e+007
35.499999999996	1.1264696e+007
35.599999999996	1.1231154e+007
35.699999999996	1.1197612e+007
35.799999999996	1.116407e+007
35.899999999996	1.1130527e+007
35.999999999996	1.1096985e+007
36.099999999996	1.1063444e+007
36.199999999996	1.1028794e+007
36.299999999996	1.0989166e+007
36.399999999996	1.0949537e+007
36.499999999996	1.0909909e+007
36.599999999996	1.0870281e+007
36.699999999996	1.0830652e+007
36.799999999996	1.0791024e+007
36.899999999996	1.0751395e+007
36.999999999996	1.0711767e+007
37.099999999996	1.0672139e+007
37.199999999996	1.0628826e+007
37.299999999996	1.058341e+007
37.399999999996	1.0537992e+007
37.499999999996	1.0492575e+007
37.599999999996	1.0447159e+007
37.699999999996	1.0401741e+007
37.799999999996	1.0356324e+007
37.899999999996	1.0310906e+007
37.999999999996	1.026549e+007
38.099999999996	1.0219589e+007
38.199999999996	1.0168844e+007
38.299999999996	1.01181e+007
38.399999999996	1.0067355e+007
38.499999999996	1.0016611e+007
38.599999999996	9.965867e+006
38.699999999996	9.915122e+006
38.799999999996	9.864378e+006
38.899999999996	9.813633e+006
38.999999999996	9.762889e+006
39.099999999996	9.709592e+006
39.199999999996	9.654163e+006
39.299999999996	9.598737e+006
39.399999999996	9.543308e+006
39.499999999996	9.487882e+006
39.599999999996	9.432455e+006
39.699999999996	9.377026e+006
39.799999999996	9.3216e+006
39.899999999996	9.266171e+006
39.999999999996	9.210745e+006
40.099999999996	9.151788e+006
40.199999999996	9.092829e+006
40.299999999996	9.033871e+006
40.399999999996	8.974912e+006
40.499999999996	8.915955e+006
40.599999999996	8.856998e+006
40.699999999996	8.798039e+006
40.799999999996	8.737867e+006
40.899999999996	8.67648e+006
40.999999999996	8.615094e+006
41.099999999996	8.553709e+006
41.199999999996	8.492322e+006
41.299999999996	8.430936e+006
41.399999999996	8.369549e+006
41.499999999996	8.3081635e+006
41.599999999996	8.244854e+006
41.699999999996	8.181542e+006
41.799999999996	8.1182325e+006
41.899999999996	8.0549205e+006
41.999999999996	7.991611e+006
42.099999999996	7.928301e+006
42.199999999996	7.864989e+006
42.299999999996	7.8016795e+006
42.399999999996	7.7383675e+006
42.499999999996	7.675058e+006
42.599999999996	7.610651e+006
42.699999999996	7.546241e+006
42.799999999996	7.481834e+006
42.899999999996	7.417424e+006
42.999999999996	7.353017e+006
43.099999999996	7.28861e+006
43.199999999996	7.2242e+006
43.299999999996	7.159793e+006
43.399999999996	7.095383e+006
43.499999999996	7.030976e+006
43.599999999996	6.9667385e+006
43.699999999996	6.9024985e+006
43.799999999996	6.8382605e+006
43.899999999996	6.7740205e+006
43.999999999996	6.709783e+006
44.099999999996	6.6455455e+006
44.199999999996	6.5813055e+006
44.299999999996	6.5170675e+006
44.399999999996	6.4528275e+006
44.499999999996	6.38859e+006
44.599999999996	6.3257165e+006
44.699999999996	6.26284e+006
44.799999999996	6.1999665e+006
44.899999999996	6.13709e+006
44.999999999996	6.0742165e+006
45.099999999996	6.011343e+006
45.199999999996	5.9484665e+006
45.299999999996	5.885593e+006
45.399999999996	5.822717e+006
45.499999999996	5.759843e+006
45.599999999996	5.699379e+006
45.699999999996	5.638913e+006
45.799999999996	5.578449e+006
45.899999999996	5.517983e+006
45.999999999996	5.457519e+006
46.099999999996	5.3970555e+006
46.199999999996	5.3365895e+006
46.299999999996	5.2761255e+006
46.399999999996	5.2156595e+006
46.499999999996	5.1551955e+006
46.599999999996	5.097987e+006
46.699999999996	5.040776e+006
46.799999999996	4.9835675e+006
46.899999999996	4.9263565e+006
46.999999999996	4.869148e+006
47.099999999996	4.811939e+006
47.199999999996	4.754728e+006
47.299999999996	4.6975195e+006
47.399999999996	4.6403085e+006
47.499999999996	4.5831e+006
47.599999999996	4.529765e+006
47.699999999996	4.476428e+006
47.799999999996	4.4230925e+006
47.899999999996	4.3697555e+006
47.999999999996	4.3164205e+006
48.099999999996	4.2630855e+006
48.199999999996	4.2097485e+006
48.299999999996	4.15641325e+006
48.399999999996	4.103076e+006
48.499999999996	4.049741e+006
48.599999999996	4.000671e+006
48.699999999996	3.951599e+006
48.799999999996	3.902529e+006
48.899999999996	3.853457e+006
48.999999999996	3.804387e+006
49.099999999996	3.755317e+006
49.199999999996	3.706245e+006
49.299999999996	3.657175e+006
49.399999999996	3.608103e+006
49.499999999996	3.559033e+006
49.599999999996	3.51441225e+006
49.699999999996	3.46978975e+006
49.799999999996	3.42516925e+006
49.899999999996	3.38054675e+006
49.999999999996	3.335926e+006
50.099999999996	3.29130525e+006
50.199999999996	3.246683e+006
50.299999999996	3.202062e+006
50.399999999996	3.15743975e+006
50.499999999996	3.112819e+006
50.599999999996	3.07265725e+006
50.699999999996	3.03249375e+006
50.799999999996	2.992332e+006
50.899999999996	2.9521685e+006
50.999999999996	2.91200675e+006
51.099999999996	2.871845e+006
51.199999999996	2.8316815e+006
51.299999999996	2.79151975e+006
51.399999999996	2.75135625e+006
51.499999999996	2.7111945e+006
51.599999999996	2.67536475e+006
51.699999999996	2.6395335e+006
51.799999999996	2.60370375e+006
51.899999999996	2.5678725e+006
51.999999999996	2.5320425e+006
52.099999999996	2.49621275e+006
52.199999999996	2.4603815e+006
52.299999999996	2.42455175e+006
52.399999999996	2.3887205e+006
52.499999999996	2.35289075e+006
52.599999999996	2.3211675e+006
52.699999999996	2.289443e+006
52.799999999996	2.25771975e+006
52.899999999996	2.2259955e+006
52.999999999996	2.19427225e+006
53.099999999996	2.162549e+006
53.199999999996	2.1308245e+006
53.299999999996	2.09910125e+006
53.399999999996	2.067376875e+006
53.499999999996	2.035653625e+006
53.599999999996	2.00769575e+006
53.699999999996	1.979736875e+006
53.799999999996	1.951779e+006
53.899999999996	1.923820125e+006
53.999999999996	1.89586225e+006
54.099999999996	1.867904375e+006
54.199999999996	1.8399455e+006
54.299999999996	1.811987625e+006
54.399999999996	1.78402875e+006
54.499999999996	1.757070375e+006
54.599999999996	1.732510875e+006
54.699999999996	1.707950375e+006
54.799999999996	1.68339075e+006
54.899999999996	1.658830375e+006
54.999999999996	1.63427075e+006
55.099999999996	1.60971125e+006
55.199999999996	1.58515075e+006
55.299999999996	1.56059125e+006
55.399999999996	1.53603075e+006
55.499999999996	1.5132825e+006
55.599999999996	1.49180225e+006
55.699999999996	1.470321e+006
55.799999999996	1.44884075e+006
55.899999999996	1.427359625e+006
55.999999999996	1.40587925e+006
56.099999999996	1.384399e+006
56.199999999996	1.36291775e+006
56.299999999996	1.3414375e+006
56.399999999996	1.319956375e+006
56.499999999996	1.300913e+006
56.599999999996	1.282194625e+006
56.699999999996	1.2634755e+006
56.799999999996	1.244757125e+006
56.899999999996	1.226038e+006
56.999999999996	1.2073195e+006
57.099999999996	1.188601125e+006
57.199999999996	1.169882e+006
57.299999999996	1.151163625e+006
57.399999999996	1.132878125e+006
57.499999999996	1.1166165e+006
57.599999999996	1.100355e+006
57.699999999996	1.084092875e+006
57.799999999996	1.067831375e+006
57.899999999996	1.05156925e+006
57.999999999996	1.0353076875e+006
58.099999999996	1.019046125e+006
58.199999999996	1.002784e+006
58.299999999996	9.865225e+005
58.399999999996	9.712819375e+005
58.499999999996	9.571910625e+005
58.599999999996	9.431001875e+005
58.699999999996	9.290088125e+005
58.799999999996	9.149179375e+005
58.899999999996	9.008265625e+005
58.999999999996	8.867356875e+005
59.099999999996	8.72644875e+005
59.199999999996	8.585535e+005
59.299999999996	8.44462625e+005
59.399999999996	8.318295625e+005
59.499999999996	8.1964575e+005
59.599999999996	8.07461875e+005
59.699999999996	7.952775e+005
59.799999999996	7.830936875e+005
59.899999999996	7.70909375e+005
59.999999999996	7.587255e+005
60.099999999996	7.46541625e+005
60.199999999996	7.343573125e+005
60.299999999996	7.222715e+005
60.399999999996	7.11754875e+005
60.499999999996	7.012385625e+005
60.599999999996	6.907223125e+005
60.699999999996	6.80205625e+005
60.799999999996	6.69689375e+005
60.899999999996	6.591726875e+005
60.999999999996	6.48656375e+005
61.099999999996	6.38140125e+005
61.199999999996	6.276234375e+005
61.299999999996	6.17619875e+005
61.399999999996	6.08556e+005
61.499999999996	5.99492375e+005
61.599999999996	5.904288125e+005
61.699999999996	5.81364875e+005
61.799999999996	5.723013125e+005
61.899999999996	5.63237375e+005
61.999999999996	5.541738125e+005
62.099999999996	5.451101875e+005
62.199999999996	5.360463125e+005
62.299999999996	5.27799e+005
62.399999999996	5.19996625e+005
62.499999999996	5.1219459375e+005
62.599999999996	5.0439253125e+005
62.699999999996	4.965901875e+005
62.799999999996	4.88788125e+005
62.899999999996	4.8098578125e+005
62.999999999996	4.7318371875e+005
63.099999999996	4.653816875e+005
63.199999999996	4.575793125e+005
63.299999999996	4.508056875e+005
63.399999999996	4.440960625e+005
63.499999999996	4.373866875e+005
63.599999999996	4.306773125e+005
63.699999999996	4.239676875e+005
63.799999999996	4.172583125e+005
63.899999999996	4.1054871875e+005
63.999999999996	4.0383934375e+005
64.099999999996	3.9712996875e+005
64.199999999996	3.9064284375e+005
64.299999999996	3.848775e+005
64.399999999996	3.7911259375e+005
64.499999999996	3.733476875e+005
64.599999999996	3.6758278125e+005
64.699999999996	3.61817875e+005
64.799999999996	3.5605253125e+005
64.899999999996	3.50287625e+005
64.999999999996	3.4452271875e+005
65.099999999996	3.387578125e+005
65.199999999996	3.334243125e+005
65.299999999996	3.284739375e+005
65.399999999996	3.235239375e+005
65.499999999996	3.185739375e+005
65.599999999996	3.136239375e+005
65.699999999996	3.0867396875e+005
65.799999999996	3.0372359375e+005
65.899999999996	2.9877359375e+005
65.999999999996	2.9382359375e+005
66.099999999996	2.8887359375e+005
66.199999999996	2.845018125e+005
66.299999999996	2.8025359375e+005
66.399999999996	2.760056875e+005
66.499999999996	2.717578125e+005
66.599999999996	2.6750990625e+005
66.699999999996	2.63262e+005
66.799999999996	2.59013796875e+005
66.899999999996	2.5476590625e+005
66.999999999996	2.50518015625e+005
67.099999999996	2.46341203125e+005
67.199999999996	2.4269753125e+005
67.299999999996	2.39053578125e+005
67.399999999996	2.3540990625e+005
67.499999999996	2.31766234375e+005
67.599999999996	2.28122546875e+005
67.699999999996	2.24478875e+005
67.799999999996	2.20834921875e+005
67.899999999996	2.1719125e+005
67.999999999996	2.13547578125e+005
68.099999999996	2.10117796875e+005
68.199999999996	2.0699359375e+005
68.299999999996	2.0386915625e+005
68.399999999996	2.00744953125e+005
68.499999999996	1.9762075e+005
68.599999999996	1.94496546875e+005
68.699999999996	1.9137234375e+005
68.799999999996	1.8824790625e+005
68.899999999996	1.85123703125e+005
68.999999999996	1.819995e+005
69.099999999996	1.791903125e+005
69.199999999996	1.76512390625e+005
69.299999999996	1.7383425e+005
69.399999999996	1.711563125e+005
69.499999999996	1.68478375e+005
69.599999999996	1.658004375e+005
69.699999999996	1.631225e+005
69.799999999996	1.60444375e+005
69.899999999996	1.577664375e+005
69.999999999996	1.550885e+005
70.099999999996	1.5279859375e+005
70.199999999996	1.505086875e+005
70.299999999996	1.48218625e+005
70.399999999996	1.4592871875e+005
70.499999999996	1.436388125e+005
70.599999999996	1.4134890625e+005
70.699999999996	1.39059e+005
70.799999999996	1.367689375e+005
70.899999999996	1.3447903125e+005
70.999999999996	1.32189125e+005
71.099999999996	1.302363515625e+005
71.199999999996	1.28283578125e+005
71.299999999996	1.263306484375e+005
71.399999999996	1.24377875e+005
71.499999999996	1.224251015625e+005
71.599999999996	1.20472328125e+005
71.699999999996	1.185195546875e+005
71.799999999996	1.16566625e+005
71.899999999996	1.146138515625e+005
71.999999999996	1.12661078125e+005
72.099999999996	1.109961015625e+005
72.199999999996	1.09331125e+005
72.299999999996	1.0766603125e+005
72.399999999996	1.060010546875e+005
72.499999999996	1.04336078125e+005
72.599999999996	1.026711015625e+005
72.699999999996	1.01006125e+005
72.799999999996	9.934103125e+004
72.899999999996	9.76760546875e+004
72.999999999996	9.6011078125e+004
73.099999999996	9.45916953125e+004
73.199999999996	9.31723125e+004
73.299999999996	9.17528203125e+004
73.399999999996	9.03334375e+004
73.499999999996	8.89140625e+004
73.599999999996	8.74946796875e+004
73.699999999996	8.6075296875e+004
73.799999999996	8.46558046875e+004
73.899999999996	8.3236421875e+004
73.999999999996	8.18170390625e+004
74.099999999996	8.0607171875e+004
74.199999999996	7.9397296875e+004
74.299999999996	7.81873359375e+004
74.399999999996	7.697746875e+004
74.499999999996	7.576759375e+004
74.599999999996	7.45577265625e+004
74.699999999996	7.3347859375e+004
74.799999999996	7.21378984375e+004
74.899999999996	7.09280234375e+004
74.999999999996	6.971815625e+004
75.099999999996	6.86869765625e+004
75.199999999996	6.76557890625e+004
75.299999999996	6.662453125e+004
75.399999999996	6.559334375e+004
75.499999999996	6.45621640625e+004
75.599999999996	6.353098046875e+004
75.699999999996	6.2499796875e+004
75.799999999996	6.14685390625e+004
75.899999999996	6.043735546875e+004
75.999999999996	5.9406171875e+004
76.099999999996	5.852735546875e+004
76.199999999996	5.76485390625e+004
76.299999999996	5.676966015625e+004
76.399999999996	5.589084375e+004
76.499999999996	5.501202734375e+004
76.599999999996	5.41332109375e+004
76.699999999996	5.32543984375e+004
76.799999999996	5.2375515625e+004
76.899999999996	5.149669921875e+004
76.999999999996	5.06178828125e+004
77.099999999996	4.986896875e+004
77.199999999996	4.91200546875e+004
77.299999999996	4.83710859375e+004
77.399999999996	4.7622171875e+004
77.499999999996	4.68732578125e+004
77.599999999996	4.612434375e+004
77.699999999996	4.53754296875e+004
77.799999999996	4.46264609375e+004
77.899999999996	4.3877546875e+004
77.999999999996	4.31286328125e+004
78.099999999996	4.2490453125e+004
78.199999999996	4.18522734375e+004
78.299999999996	4.121404296875e+004
78.399999999996	4.057586328125e+004
78.499999999996	3.993768359375e+004
78.599999999996	3.929950390625e+004
78.699999999996	3.866132421875e+004
78.799999999996	3.802309375e+004
78.899999999996	3.73849140625e+004
78.999999999996	3.6746734375e+004
79.099999999996	3.62029375e+004
79.199999999996	3.5659140625e+004
79.299999999996	3.51153046875e+004
79.399999999996	3.45715078125e+004
79.499999999996	3.40277109375e+004
79.599999999996	3.34839140625e+004
79.699999999995	3.29401171875e+004
79.799999999995	3.239628125e+004
79.899999999995	3.1852484375e+004
79.999999999995	3.13086875e+004
80.099999999995	3.084533203125e+004
80.199999999995	3.03819765625e+004
80.299999999995	2.9918587890625e+004
80.399999999995	2.9455232421875e+004
80.499999999995	2.8991876953125e+004
80.599999999995	2.8528521484375e+004
80.699999999995	2.806516796875e+004
80.799999999995	2.760177734375e+004
80.899999999995	2.7138421875e+004
80.999999999995	2.667506640625e+004
81.099999999995	2.6280263671875e+004
81.199999999995	2.58854609375e+004
81.299999999995	2.549062890625e+004
81.399999999995	2.5095826171875e+004
81.499999999995	2.47010234375e+004
81.599999999995	2.4306220703125e+004
81.699999999995	2.391141796875e+004
81.799999999995	2.35165859375e+004
81.899999999995	2.3121783203125e+004
81.999999999995	2.272698046875e+004
82.099999999995	2.2390595703125e+004
82.199999999995	2.20542109375e+004
82.299999999995	2.171780078125e+004
82.399999999995	2.1381416015625e+004
82.499999999995	2.104503125e+004
82.599999999995	2.0708646484375e+004
82.699999999995	2.037226171875e+004
82.799999999995	2.00358515625e+004
82.899999999995	1.9699466796875e+004
82.999999999995	1.936308203125e+004
83.099999999995	1.90764765625e+004
83.199999999995	1.878987109375e+004
83.299999999995	1.850324609375e+004
83.399999999995	1.8216640625e+004
83.499999999995	1.793003515625e+004
83.599999999995	1.76434296875e+004
83.699999999995	1.735682421875e+004
83.799999999995	1.707019921875e+004
83.899999999995	1.678359375e+004
83.999999999995	1.649698828125e+004
84.099999999995	1.6252798828125e+004
84.199999999995	1.60086103515625e+004
84.299999999995	1.576440234375e+004
84.399999999995	1.55202138671875e+004
84.499999999995	1.52760244140625e+004
84.599999999995	1.50318349609375e+004
84.699999999995	1.4787646484375e+004
84.799999999995	1.45434384765625e+004
84.899999999995	1.429925e+004
84.999999999995	1.4055060546875e+004
85.099999999995	1.38470126953125e+004
85.199999999995	1.36389658203125e+004
85.299999999995	1.343090234375e+004
85.399999999995	1.322285546875e+004
85.499999999995	1.30148076171875e+004
85.599999999995	1.2806759765625e+004
85.699999999995	1.2598712890625e+004
85.799999999995	1.23906494140625e+004
85.899999999995	1.21826015625e+004
85.999999999995	1.19745546875e+004
86.099999999995	1.179730078125e+004
86.199999999995	1.16200478515625e+004
86.299999999995	1.14427802734375e+004
86.399999999995	1.126552734375e+004
86.499999999995	1.10882734375e+004
86.599999999995	1.091101953125e+004
86.699999999995	1.07337666015625e+004
86.799999999995	1.05564990234375e+004
86.899999999995	1.037924609375e+004
86.999999999995	1.02019921875e+004
87.099999999995	1.00509755859375e+004
87.199999999995	9899.9599609375
87.299999999995	9748.931640625
87.399999999995	9597.916015625
87.499999999995	9446.8994140625
87.599999999995	9295.8828125
87.699999999995	9144.8671875
87.799999999995	8993.8388671875
87.899999999995	8842.8232421875
87.999999999995	8691.806640625
88.099999999995	8563.14453125
88.199999999995	8434.482421875
88.299999999995	8305.810546875
88.399999999995	8177.1489257813
88.499999999995	8048.4873046875
88.599999999995	7919.8251953125
88.699999999995	7791.1630859375
88.799999999995	7662.4912109375
88.899999999995	7533.8295898438
88.999999999995	7405.1674804688
89.099999999995	7295.5517578125
89.199999999995	7185.935546875
89.299999999995	7076.3115234375
89.399999999995	6966.6958007813
89.499999999995	6857.080078125
89.599999999995	6747.4638671875
89.699999999995	6637.8481445313
89.799999999995	6528.2236328125
89.899999999995	6418.6079101563
89.999999999995	6308.9921875
90.099999999995	6215.603515625
90.199999999995	6122.2143554688
90.299999999995	6028.8188476563
90.399999999995	5935.4296875
90.499999999995	5842.041015625
90.599999999995	5748.65234375
90.699999999995	5655.2631835938
90.799999999995	5561.8676757813
90.899999999995	5468.478515625
90.999999999995	5375.08984375
91.099999999995	5295.5263671875
91.199999999995	5215.962890625
91.299999999995	5136.3930664063
91.399999999995	5056.8295898438
91.499999999995	4977.265625
91.599999999995	4897.7021484375
91.699999999995	4818.138671875
91.799999999995	4738.5688476563
91.899999999995	4659.0053710938
91.999999999995	4579.4418945313
92.099999999995	4511.6572265625
92.199999999995	4443.8725585938
92.299999999995	4376.0830078125
92.399999999995	4308.2983398438
92.499999999995	4240.513671875
92.599999999995	4172.7294921875
92.699999999995	4104.9448242188
92.799999999995	4037.1550292969
92.899999999995	3969.3706054688
92.999999999995	3901.5859375
93.099999999995	3843.8369140625
93.199999999995	3786.087890625
93.299999999995	3728.3344726563
93.399999999995	3670.5854492188
93.499999999995	3612.8364257813
93.599999999995	3555.0874023438
93.699999999995	3497.3383789063
93.799999999995	3439.5849609375
93.899999999995	3381.8359375
93.999999999995	3324.0869140625
94.099999999995	3274.8879394531
94.199999999995	3225.6892089844
94.299999999995	3176.486328125
94.399999999995	3127.2875976563
94.499999999995	3078.0886230469
94.599999999995	3028.8896484375
94.699999999995	2979.6909179688
94.799999999995	2930.48828125
94.899999999995	2881.2893066406
94.999999999995	2832.0903320313
95.099999999995	2790.1760253906
95.199999999995	2748.26171875
95.299999999995	2706.3444824219
95.399999999995	2664.4301757813
95.499999999995	2622.5158691406
95.599999999995	2580.6015625
95.699999999995	2538.6875
95.799999999995	2496.7700195313
95.899999999995	2454.8557128906
95.999999999995	2412.94140625
96.099999999995	2377.2336425781
96.199999999995	2341.5258789063
96.299999999995	2305.8154296875
96.399999999995	2270.1076660156
96.499999999995	2234.3999023438
96.599999999995	2198.6923828125
96.699999999995	2162.9846191406
96.799999999995	2127.2741699219
96.899999999995	2091.56640625
96.999999999995	2055.8586425781
97.099999999995	2025.4389648438
97.199999999995	1995.0192871094
97.299999999994	1964.5971679688
97.399999999994	1934.1774902344
97.499999999994	1903.7578125
97.599999999994	1873.3381347656
97.699999999994	1842.9184570313
97.799999999994	1812.4963378906
97.899999999994	1782.0766601563
97.999999999994	1751.6569824219
98.099999999994	1725.7427978516
98.199999999994	1699.8286132813
98.299999999994	1673.9125976563
98.399999999994	1647.9984130859
98.499999999994	1622.0842285156
98.599999999994	1596.1700439453
98.699999999994	1570.255859375
98.799999999994	1544.33984375
98.899999999994	1518.4256591797
98.999999999994	1492.5114746094
99.099999999994	1470.4362792969
99.199999999994	1448.3612060547
99.299999999994	1426.2843017578
99.399999999994	1404.2091064453
99.499999999994	1382.1340332031
99.599999999994	1360.0588378906
99.699999999994	1337.9836425781
99.799999999994	1315.9067382813
99.899999999994	1293.8316650391
99.999999999994	1271.7564697266
100.09999999999	1253.2097167969